# testDate, testTime, B[mT], f[Hz], alpha1[Deg], alpha2[Deg], isWalking, displacement[mm/step]
20201112,120729,10.000,01.000,00.000,30.000,False,0.030791784
20201112,120811,10.000,01.000,00.000,30.000,False,0.081764621
20201112,120831,10.000,01.000,00.000,30.000,False,0.170053223
20201112,120848,10.000,01.000,00.000,30.000,False,0.010608522
20201112,120905,10.000,01.000,00.000,30.000,False,0.020683989
20201112,120926,10.000,01.000,00.000,35.000,False,0.015420005
20201112,120943,10.000,01.000,00.000,35.000,False,0.024548082
20201112,121023,10.000,01.000,00.000,35.000,False,0.036537137
20201112,121040,10.000,01.000,00.000,35.000,False,0.092023124
20201112,121106,10.000,01.000,00.000,35.000,False,0.049897984
20201112,121135,10.000,01.000,00.000,40.000,False,0.128169253
20201112,121153,10.000,01.000,00.000,40.000,False,0.135639207
20201112,121210,10.000,01.000,00.000,40.000,False,0.328961747
20201112,121228,10.000,01.000,00.000,40.000,False,0.290369994
20201112,121245,10.000,01.000,00.000,40.000,False,0.184116802
20201112,121304,10.000,01.000,00.000,45.000,False,0.211010663
20201112,121337,10.000,01.000,00.000,45.000,False,0.0595149
20201112,121354,10.000,01.000,00.000,45.000,False,0.087606702
20201112,121450,10.000,01.000,00.000,45.000,False,0.34095101
20201112,121507,10.000,01.000,00.000,45.000,False,0.26720624
20201112,121524,10.000,01.000,00.000,50.000,False,0.313495859
20201112,121541,10.000,01.000,00.000,50.000,False,0.346104184
20201112,121614,10.000,01.000,00.000,50.000,False,0.068372683
20201112,121631,10.000,01.000,00.000,50.000,False,0.060595418
20201112,121700,10.000,01.000,00.000,50.000,False,0.066517708
20201112,121717,10.000,01.000,00.000,55.000,False,0.376349645
20201112,121734,10.000,01.000,00.000,55.000,False,0.328033202
20201112,121815,10.000,01.000,00.000,55.000,False,0.184879115
20201112,121832,10.000,01.000,00.000,55.000,False,0.287930462
20201112,121849,10.000,01.000,00.000,55.000,False,0.356163097
20201112,121919,10.000,01.000,00.000,60.000,False,0.233144343
20201112,121936,10.000,01.000,00.000,60.000,False,0.732596838
20201112,121953,10.000,01.000,00.000,60.000,False,0.757790453
20201112,122028,10.000,01.000,00.000,60.000,False,0.409661477
20201112,122046,10.000,01.000,00.000,60.000,False,0.534336205
20201112,122136,10.000,01.000,00.000,65.000,False,0.950004462
20201112,122204,10.000,01.000,00.000,65.000,False,0.841670995
20201112,122227,10.000,01.000,00.000,65.000,False,0.795637476
20201112,122251,10.000,01.000,00.000,65.000,False,0.728464625
20201112,122308,10.000,01.000,00.000,65.000,True,1.002382399
20201112,122340,10.000,01.000,00.000,70.000,True,0.896944878
20201112,122415,10.000,01.000,00.000,70.000,True,0.979595689
20201112,122446,10.000,01.000,00.000,70.000,True,0.884131319
20201112,122511,10.000,01.000,00.000,70.000,True,1.060020701
20201112,122543,10.000,01.000,00.000,70.000,True,0.847861985
20201112,122602,10.000,01.000,00.000,75.000,True,0.959705953
20201112,122630,10.000,01.000,00.000,75.000,True,1.029635195
20201112,122648,10.000,01.000,00.000,75.000,True,1.06209778
20201112,122724,10.000,01.000,00.000,75.000,True,1.016202649
20201112,122741,10.000,01.000,00.000,75.000,True,1.134576249
20201112,122811,10.000,01.000,00.000,80.000,True,1.015556548
20201112,122829,10.000,01.000,00.000,80.000,True,1.203186448
20201112,122901,10.000,01.000,00.000,80.000,True,0.945899697
20201112,122919,10.000,01.000,00.000,80.000,True,1.05225163
20201112,122949,10.000,01.000,00.000,80.000,True,1.007603133
20201112,123028,10.000,01.000,00.000,85.000,True,1.292647429
20201112,123103,10.000,01.000,00.000,85.000,True,1.045790635
20201112,123120,10.000,01.000,00.000,85.000,True,1.167033399
20201112,123206,10.000,01.000,00.000,85.000,True,0.981109297
20201112,123223,10.000,01.000,00.000,85.000,True,1.135694723
20201112,123255,10.000,01.000,00.000,90.000,False,0.875278892
20201112,123321,10.000,01.000,00.000,90.000,False,0.527198726
20201112,123343,10.000,01.000,00.000,90.000,False,0.779132416
20201112,123407,10.000,01.000,00.000,90.000,False,0.632781438
20201112,123435,10.000,01.000,00.000,90.000,False,1.071075694
20201112,123526,10.000,01.000,05.000,30.000,False,0.035620088
20201112,123543,10.000,01.000,05.000,30.000,False,0.029957794
20201112,123600,10.000,01.000,05.000,30.000,False,0.007307031
20201112,123617,10.000,01.000,05.000,30.000,False,0.006489012
20201112,123635,10.000,01.000,05.000,30.000,False,0.008174662
20201112,123736,10.000,01.000,05.000,35.000,False,0.073823285
20201112,123818,10.000,01.000,05.000,35.000,False,0.020860287
20201112,123835,10.000,01.000,05.000,35.000,False,0.020387759
20201112,123852,10.000,01.000,05.000,35.000,False,0.001964649
20201112,123910,10.000,01.000,05.000,35.000,False,0.041820816
20201112,123930,10.000,01.000,05.000,40.000,False,0.031592296
20201112,123947,10.000,01.000,05.000,40.000,False,0.017386277
20201112,124004,10.000,01.000,05.000,40.000,False,0.017184767
20201112,124022,10.000,01.000,05.000,40.000,False,0.01260985
20201112,124039,10.000,01.000,05.000,40.000,False,0.01021735
20201112,124057,10.000,01.000,05.000,45.000,False,0.067253997
20201112,124114,10.000,01.000,05.000,45.000,False,0.005418244
20201112,124131,10.000,01.000,05.000,45.000,False,0.018765153
20201112,124148,10.000,01.000,05.000,45.000,False,0.035256733
20201112,124205,10.000,01.000,05.000,45.000,False,0.002007654
20201112,124222,10.000,01.000,05.000,50.000,False,0.013082144
20201112,124245,10.000,01.000,05.000,50.000,False,0.12602555
20201112,124302,10.000,01.000,05.000,50.000,False,0.026847821
20201112,124319,10.000,01.000,05.000,50.000,False,0.025360958
20201112,124337,10.000,01.000,05.000,50.000,False,0.013469052
20201112,124354,10.000,01.000,05.000,55.000,False,0.005468891
20201112,124411,10.000,01.000,05.000,55.000,False,0.323265882
20201112,124428,10.000,01.000,05.000,55.000,False,0.409013062
20201112,124445,10.000,01.000,05.000,55.000,False,0.349120854
20201112,124505,10.000,01.000,05.000,55.000,False,0.258581965
20201112,124537,10.000,01.000,05.000,60.000,False,0.073420544
20201112,124554,10.000,01.000,05.000,60.000,False,0.122311058
20201112,124611,10.000,01.000,05.000,60.000,False,0.324722376
20201112,124628,10.000,01.000,05.000,60.000,False,0.653828876
20201112,124645,10.000,01.000,05.000,60.000,False,0.902275045
20201112,124719,10.000,01.000,05.000,65.000,False,0.578556371
20201112,124736,10.000,01.000,05.000,65.000,True,0.865207799
20201112,124802,10.000,01.000,05.000,65.000,True,0.717058937
20201112,124819,10.000,01.000,05.000,65.000,True,1.052925817
20201112,124836,10.000,01.000,05.000,65.000,True,1.21702773
20201112,124913,10.000,01.000,05.000,70.000,True,0.927363264
20201112,124930,10.000,01.000,05.000,70.000,True,1.09038583
20201112,125019,10.000,01.000,05.000,70.000,True,0.939144917
20201112,125036,10.000,01.000,05.000,70.000,True,1.080653148
20201112,125112,10.000,01.000,05.000,70.000,True,0.881733071
20201112,125151,10.000,01.000,05.000,75.000,True,1.09405334
20201112,125208,10.000,01.000,05.000,75.000,True,1.129478376
20201112,125235,10.000,01.000,05.000,75.000,True,1.001111181
20201112,125252,10.000,01.000,05.000,75.000,True,1.136153622
20201112,125321,10.000,01.000,05.000,75.000,True,0.970424493
20201112,125348,10.000,01.000,05.000,80.000,True,0.996464426
20201112,125406,10.000,01.000,05.000,80.000,True,1.255242607
20201112,125432,10.000,01.000,05.000,80.000,True,1.10510478
20201112,125449,10.000,01.000,05.000,80.000,True,1.135374466
20201112,125519,10.000,01.000,05.000,80.000,True,1.086933892
20201112,125551,10.000,01.000,05.000,85.000,True,1.261096533
20201112,125608,10.000,01.000,05.000,85.000,True,1.232458003
20201112,125637,10.000,01.000,05.000,85.000,True,1.123801557
20201112,125655,10.000,01.000,05.000,85.000,True,1.249858079
20201112,125729,10.000,01.000,05.000,85.000,True,1.068456946
20201112,125748,10.000,01.000,05.000,90.000,True,0.752764095
20201112,125814,10.000,01.000,05.000,90.000,False,0.852245093
20201112,125838,10.000,01.000,05.000,90.000,False,1.05624148
20201112,125905,10.000,01.000,05.000,90.000,False,1.321125895
20201112,125935,10.000,01.000,05.000,90.000,True,0.793331666
20201112,125955,10.000,01.000,10.000,30.000,False,0.067501331
20201112,130036,10.000,01.000,10.000,30.000,False,0.03835755
20201112,130056,10.000,01.000,10.000,30.000,False,0.044128638
20201112,130113,10.000,01.000,10.000,30.000,False,0.145976837
20201112,130130,10.000,01.000,10.000,30.000,False,0.096579942
20201112,130158,10.000,01.000,10.000,35.000,False,0.026041677
20201112,130215,10.000,01.000,10.000,35.000,False,0.019638993
20201112,130232,10.000,01.000,10.000,35.000,False,0.032768884
20201112,130250,10.000,01.000,10.000,35.000,False,0.012351666
20201112,130307,10.000,01.000,10.000,35.000,False,0.020177572
20201112,130326,10.000,01.000,10.000,40.000,False,0.007719864
20201112,130343,10.000,01.000,10.000,40.000,False,0.009616576
20201112,130401,10.000,01.000,10.000,40.000,False,0.009929771
20201112,130418,10.000,01.000,10.000,40.000,False,0.015263145
20201112,130435,10.000,01.000,10.000,40.000,False,0.007051807
20201112,130452,10.000,01.000,10.000,45.000,False,0.016290193
20201112,130514,10.000,01.000,10.000,45.000,False,0.039604576
20201112,130531,10.000,01.000,10.000,45.000,False,0.017480474
20201112,130553,10.000,01.000,10.000,45.000,False,0.021021481
20201112,130610,10.000,01.000,10.000,45.000,False,0.008363459
20201112,140404,10.000,01.000,10.000,50.000,False,0.239582493
20201112,140421,10.000,01.000,10.000,50.000,False,0.211260579
20201112,140440,10.000,01.000,10.000,50.000,False,0.351108983
20201112,140457,10.000,01.000,10.000,50.000,False,0.480651516
20201112,140514,10.000,01.000,10.000,50.000,False,0.480006598
20201112,140559,10.000,01.000,10.000,55.000,False,0.01796016
20201112,140617,10.000,01.000,10.000,55.000,False,0.045654698
20201112,140653,10.000,01.000,10.000,55.000,False,0.024586241
20201112,140710,10.000,01.000,10.000,55.000,False,0.022454546
20201112,140727,10.000,01.000,10.000,55.000,False,0.088879514
20201112,140745,10.000,01.000,10.000,60.000,False,0.466286372
20201112,140802,10.000,01.000,10.000,60.000,False,0.971268186
20201112,140932,10.000,01.000,10.000,60.000,False,0.255511768
20201112,140950,10.000,01.000,10.000,60.000,False,0.756879522
20201112,141114,10.000,01.000,10.000,60.000,False,1.200330063
20201112,141212,10.000,01.000,10.000,65.000,True,1.041966111
20201112,141440,10.000,01.000,10.000,65.000,True,0.973511215
20201112,141458,10.000,01.000,10.000,65.000,True,1.174108441
20201112,141530,10.000,01.000,10.000,65.000,False,1.010158274
20201112,141554,10.000,01.000,10.000,65.000,True,1.052062744
20201112,141619,10.000,01.000,10.000,70.000,True,0.87034929
20201112,141636,10.000,01.000,10.000,70.000,True,1.069354168
20201112,141653,10.000,01.000,10.000,70.000,True,1.172663386
20201112,141743,10.000,01.000,10.000,70.000,True,1.082412208
20201112,141800,10.000,01.000,10.000,70.000,True,1.253336878
20201112,141831,10.000,01.000,10.000,75.000,True,1.180668222
20201112,141848,10.000,01.000,10.000,75.000,True,1.326446665
20201112,141947,10.000,01.000,10.000,75.000,True,1.164009076
20201112,142005,10.000,01.000,10.000,75.000,True,1.290947186
20201112,142028,10.000,01.000,10.000,75.000,True,0.918138441
20201112,142054,10.000,01.000,10.000,80.000,True,1.152155281
20201112,142111,10.000,01.000,10.000,80.000,True,1.264932963
20201112,142141,10.000,01.000,10.000,80.000,True,1.126889267
20201112,142158,10.000,01.000,10.000,80.000,True,1.245016088
20201112,142225,10.000,01.000,10.000,80.000,True,1.091164135
20201112,142251,10.000,01.000,10.000,85.000,True,1.094318613
20201112,142308,10.000,01.000,10.000,85.000,True,1.326590746
20201112,142340,10.000,01.000,10.000,85.000,True,1.232506836
20201112,142358,10.000,01.000,10.000,85.000,True,1.228926769
20201112,142428,10.000,01.000,10.000,85.000,True,1.073569894
20201112,142445,10.000,01.000,10.000,90.000,True,1.12913253
20201112,142513,10.000,01.000,10.000,90.000,True,1.0275675
20201112,142530,10.000,01.000,10.000,90.000,True,1.063330679
20201112,142605,10.000,01.000,10.000,90.000,False,1.15197343
20201112,142626,10.000,01.000,10.000,90.000,True,1.222501742
20201112,142649,10.000,01.000,15.000,30.000,False,0.054496528
20201112,142706,10.000,01.000,15.000,30.000,False,0.013117772
20201112,142724,10.000,01.000,15.000,30.000,False,0.018805367
20201112,142741,10.000,01.000,15.000,30.000,False,0.006680075
20201112,142758,10.000,01.000,15.000,30.000,False,0.014718056
20201112,142816,10.000,01.000,15.000,35.000,False,0.016230886
20201112,142833,10.000,01.000,15.000,35.000,False,0.001686753
20201112,142850,10.000,01.000,15.000,35.000,False,0.000728308
20201112,142907,10.000,01.000,15.000,35.000,False,0.007268678
20201112,142924,10.000,01.000,15.000,35.000,False,0.006489567
20201112,145226,10.000,01.000,15.000,40.000,False,0.037843146
20201112,145243,10.000,01.000,15.000,40.000,False,0.055351482
20201112,145300,10.000,01.000,15.000,40.000,False,0.020272743
20201112,145317,10.000,01.000,15.000,40.000,False,0.043309077
20201112,145334,10.000,01.000,15.000,40.000,False,0.129586566
20201112,145351,10.000,01.000,15.000,45.000,False,0.072670748
20201112,145408,10.000,01.000,15.000,45.000,False,0.136271665
20201112,145425,10.000,01.000,15.000,45.000,False,0.062738426
20201112,145443,10.000,01.000,15.000,45.000,False,0.112330013
20201112,145500,10.000,01.000,15.000,45.000,False,0.033379706
20201112,145528,10.000,01.000,15.000,50.000,False,0.148136676
20201112,145556,10.000,01.000,15.000,50.000,False,0.07560792
20201112,145625,10.000,01.000,15.000,50.000,False,0.181446311
20201112,145644,10.000,01.000,15.000,50.000,False,0.226735398
20201112,145755,10.000,01.000,15.000,50.000,False,0.161523682
20201112,150000,10.000,01.000,15.000,55.000,False,0.004236108
20201112,150017,10.000,01.000,15.000,55.000,False,0.014460453
20201112,150049,10.000,01.000,15.000,55.000,False,0.008310526
20201112,150115,10.000,01.000,15.000,55.000,False,0.091993278
20201112,150134,10.000,01.000,15.000,55.000,False,0.037938162
20201112,150200,10.000,01.000,15.000,60.000,False,0.529685733
20201112,150220,10.000,01.000,15.000,60.000,False,0.816000897
20201112,150334,10.000,01.000,15.000,60.000,False,0.33465412
20201112,150411,10.000,01.000,15.000,60.000,False,0.640446426
20201112,150447,10.000,01.000,15.000,60.000,False,0.198098172
20201112,150603,10.000,01.000,15.000,65.000,True,1.054763032
20201112,150640,10.000,01.000,15.000,65.000,True,1.025426579
20201112,150715,10.000,01.000,15.000,65.000,True,0.96253895
20201112,150744,10.000,01.000,15.000,65.000,True,1.061756255
20201112,151027,10.000,01.000,15.000,65.000,False,0.824762857
20201112,150814,10.000,01.000,15.000,70.000,True,1.130156903
20201112,150904,10.000,01.000,15.000,70.000,True,1.280754351
20201112,150929,10.000,01.000,15.000,70.000,True,1.036949722
20201112,150947,10.000,01.000,15.000,70.000,True,1.115023319
20201112,151046,10.000,01.000,15.000,70.000,True,1.235082649
20201112,151115,10.000,01.000,15.000,75.000,True,1.066142654
20201112,151132,10.000,01.000,15.000,75.000,True,1.216725394
20201112,151200,10.000,01.000,15.000,75.000,True,0.986779739
20201112,151217,10.000,01.000,15.000,75.000,True,1.108913221
20201112,151243,10.000,01.000,15.000,75.000,True,0.984772872
20201112,151300,10.000,01.000,15.000,80.000,True,1.159623166
20201112,151317,10.000,01.000,15.000,80.000,True,1.331649827
20201112,151354,10.000,01.000,15.000,80.000,True,1.048210846
20201112,151411,10.000,01.000,15.000,80.000,True,1.338657959
20201112,151437,10.000,01.000,15.000,80.000,True,1.172511884
20201112,151454,10.000,01.000,15.000,85.000,True,1.100775339
20201112,151519,10.000,01.000,15.000,85.000,True,0.983404002
20201112,151536,10.000,01.000,15.000,85.000,True,1.167292658
20201112,151600,10.000,01.000,15.000,85.000,True,0.991727744
20201112,151618,10.000,01.000,15.000,85.000,True,1.197035265
20201112,151705,10.000,01.000,15.000,90.000,False,0.878880484
20201112,151726,10.000,01.000,15.000,90.000,True,1.112807815
20201112,151757,10.000,01.000,15.000,90.000,False,0.783260177
20201112,151818,10.000,01.000,15.000,90.000,True,1.239568466
20201112,151835,10.000,01.000,15.000,90.000,True,1.359931121
20201112,151937,10.000,01.000,20.000,30.000,False,0.006739709
20201112,151959,10.000,01.000,20.000,30.000,False,0.102694235
20201112,152016,10.000,01.000,20.000,30.000,False,0.080974761
20201112,152033,10.000,01.000,20.000,30.000,False,0.111710103
20201112,152050,10.000,01.000,20.000,30.000,False,0.132939433
20201112,152108,10.000,01.000,20.000,35.000,False,0.086971504
20201112,152125,10.000,01.000,20.000,35.000,False,0.128394455
20201112,152142,10.000,01.000,20.000,35.000,False,0.15742327
20201112,152159,10.000,01.000,20.000,35.000,False,0.133706257
20201112,152217,10.000,01.000,20.000,35.000,False,0.150189356
20201112,152246,10.000,01.000,20.000,40.000,False,0.033936515
20201112,152303,10.000,01.000,20.000,40.000,False,0.032600375
20201112,152320,10.000,01.000,20.000,40.000,False,0.010656614
20201112,152337,10.000,01.000,20.000,40.000,False,0.027295558
20201112,152605,10.000,01.000,20.000,40.000,False,0.041256367
20201112,152411,10.000,01.000,20.000,45.000,False,0.038792814
20201112,152429,10.000,01.000,20.000,45.000,False,0.059756819
20201112,152446,10.000,01.000,20.000,45.000,False,0.049212592
20201112,152503,10.000,01.000,20.000,45.000,False,0.091160728
20201112,152520,10.000,01.000,20.000,45.000,False,0.030626045
20201112,152639,10.000,01.000,20.000,50.000,False,0.12748557
20201112,152656,10.000,01.000,20.000,50.000,False,0.120230078
20201112,152713,10.000,01.000,20.000,50.000,False,0.071655664
20201112,152730,10.000,01.000,20.000,50.000,False,0.138064806
20201112,152747,10.000,01.000,20.000,50.000,False,0.147247362
20201112,152816,10.000,01.000,20.000,55.000,False,0.227808802
20201112,152834,10.000,01.000,20.000,55.000,False,0.174336936
20201112,152851,10.000,01.000,20.000,55.000,False,0.142495565
20201112,152908,10.000,01.000,20.000,55.000,False,0.534119566
20201112,152925,10.000,01.000,20.000,55.000,False,0.455698048
20201112,153001,10.000,01.000,20.000,60.000,False,0.531480976
20201112,153018,10.000,01.000,20.000,60.000,False,0.590469704
20201112,153035,10.000,01.000,20.000,60.000,False,0.770668334
20201112,153052,10.000,01.000,20.000,60.000,False,0.885673548
20201112,153212,10.000,01.000,20.000,60.000,False,0.642322714
20201112,153229,10.000,01.000,20.000,65.000,True,1.142528943
20201112,153246,10.000,01.000,20.000,65.000,True,1.344890755
20201112,153320,10.000,01.000,20.000,65.000,False,0.843089763
20201112,153337,10.000,01.000,20.000,65.000,True,1.181336071
20201112,153403,10.000,01.000,20.000,65.000,True,0.920535913
20201112,160231,10.000,01.000,20.000,70.000,True,1.236714582
20201112,160248,10.000,01.000,20.000,70.000,True,1.31795764
20201112,160341,10.000,01.000,20.000,70.000,True,1.222128233
20201112,160358,10.000,01.000,20.000,70.000,True,1.348205888
20201112,160450,10.000,01.000,20.000,70.000,True,1.192400261
20201112,160507,10.000,01.000,20.000,75.000,True,1.324522302
20201112,160608,10.000,01.000,20.000,75.000,True,1.116357013
20201112,160625,10.000,01.000,20.000,75.000,True,1.322638648
20201112,160652,10.000,01.000,20.000,75.000,True,1.050385141
20201112,160709,10.000,01.000,20.000,75.000,True,1.165118334
20201112,160743,10.000,01.000,20.000,80.000,True,1.020121687
20201112,160800,10.000,01.000,20.000,80.000,True,1.180562551
20201112,160840,10.000,01.000,20.000,80.000,True,1.080866725
20201112,160857,10.000,01.000,20.000,80.000,True,1.166232306
20201112,160935,10.000,01.000,20.000,80.000,True,1.013543528
20201112,161012,10.000,01.000,20.000,85.000,True,1.287976506
20201112,161042,10.000,01.000,20.000,85.000,True,1.203058492
20201112,161059,10.000,01.000,20.000,85.000,True,1.218860655
20201112,161132,10.000,01.000,20.000,85.000,True,1.064069731
20201112,161150,10.000,01.000,20.000,85.000,True,1.197972876
20201112,161238,10.000,01.000,20.000,90.000,False,1.031801354
20201112,161300,10.000,01.000,20.000,90.000,True,1.336091693
20201112,161323,10.000,01.000,20.000,90.000,False,1.147285446
20201112,161341,10.000,01.000,20.000,90.000,True,0.948206599
20201112,161415,10.000,01.000,20.000,90.000,True,1.011675631
20201112,161445,10.000,01.000,25.000,30.000,False,0.008349045
20201112,161504,10.000,01.000,25.000,30.000,False,0.00967377
20201112,161521,10.000,01.000,25.000,30.000,False,0.006500641
20201112,161538,10.000,01.000,25.000,30.000,False,0.032141717
20201112,161555,10.000,01.000,25.000,30.000,False,0.027227806
20201112,161745,10.000,01.000,25.000,35.000,False,0.006152148
20201112,161802,10.000,01.000,25.000,35.000,False,0.006715363
20201112,161819,10.000,01.000,25.000,35.000,False,0.017349249
20201112,161836,10.000,01.000,25.000,35.000,False,0.02175039
20201112,161853,10.000,01.000,25.000,35.000,False,0.038682251
20201112,161911,10.000,01.000,25.000,40.000,False,0.05613953
20201112,161928,10.000,01.000,25.000,40.000,False,0.006078579
20201112,161945,10.000,01.000,25.000,40.000,False,0.008118977
20201112,162002,10.000,01.000,25.000,40.000,False,0.018246574
20201112,162019,10.000,01.000,25.000,40.000,False,0.004758804
20201112,162049,10.000,01.000,25.000,45.000,False,0.000984653
20201112,162106,10.000,01.000,25.000,45.000,False,0.003976083
20201112,162123,10.000,01.000,25.000,45.000,False,0.002593438
20201112,162140,10.000,01.000,25.000,45.000,False,0.001829665
20201112,162157,10.000,01.000,25.000,45.000,False,0.004765844
20201112,162214,10.000,01.000,25.000,50.000,False,0.004625243
20201112,162232,10.000,01.000,25.000,50.000,False,0.004296725
20201112,162249,10.000,01.000,25.000,50.000,False,0.010686341
20201112,162306,10.000,01.000,25.000,50.000,False,0.010708944
20201112,162323,10.000,01.000,25.000,50.000,False,0.00232206
20201112,162401,10.000,01.000,25.000,55.000,False,0.004670767
20201112,162418,10.000,01.000,25.000,55.000,False,0.00106529
20201112,162435,10.000,01.000,25.000,55.000,False,0.006355211
20201112,162452,10.000,01.000,25.000,55.000,False,0.0083267
20201112,162510,10.000,01.000,25.000,55.000,False,0.009282934
20201112,162527,10.000,01.000,25.000,60.000,False,0.941315161
20201112,162616,10.000,01.000,25.000,60.000,False,0.427672703
20201112,162633,10.000,01.000,25.000,60.000,False,0.774761948
20201112,162650,10.000,01.000,25.000,60.000,False,0.848206681
20201112,162707,10.000,01.000,25.000,60.000,False,1.0279108
20201112,163042,10.000,01.000,25.000,65.000,True,1.097583978
20201112,163059,10.000,01.000,25.000,65.000,True,1.097296492
20201112,163136,10.000,01.000,25.000,65.000,True,1.040911893
20201112,163153,10.000,01.000,25.000,65.000,True,1.087884952
20201112,163216,10.000,01.000,25.000,65.000,True,1.024418223
20201112,163233,10.000,01.000,25.000,70.000,True,1.192024268
20201112,163312,10.000,01.000,25.000,70.000,True,1.089569652
20201112,163329,10.000,01.000,25.000,70.000,True,1.20248364
20201112,163351,10.000,01.000,25.000,70.000,True,1.058943815
20201112,163408,10.000,01.000,25.000,70.000,True,1.145550677
20201112,163437,10.000,01.000,25.000,75.000,True,1.049733209
20201112,163454,10.000,01.000,25.000,75.000,True,1.175987471
20201112,163518,10.000,01.000,25.000,75.000,True,1.060907776
20201112,163535,10.000,01.000,25.000,75.000,True,1.211239541
20201112,163604,10.000,01.000,25.000,75.000,True,1.028385049
20201112,163623,10.000,01.000,25.000,80.000,True,1.227034314
20201112,163654,10.000,01.000,25.000,80.000,True,1.054319491
20201112,163711,10.000,01.000,25.000,80.000,True,1.093480592
20201112,163735,10.000,01.000,25.000,80.000,True,1.064574567
20201112,163752,10.000,01.000,25.000,80.000,True,1.14429158
20201112,163823,10.000,01.000,25.000,85.000,True,1.195000013
20201112,163840,10.000,01.000,25.000,85.000,True,1.240748027
20201112,163909,10.000,01.000,25.000,85.000,True,1.100781142
20201112,163926,10.000,01.000,25.000,85.000,True,1.159034484
20201112,163949,10.000,01.000,25.000,85.000,True,1.096113581
20201112,164007,10.000,01.000,25.000,90.000,True,1.182315798
20201112,164033,10.000,01.000,25.000,90.000,True,1.144185677
20201112,164050,10.000,01.000,25.000,90.000,True,1.135744547
20201112,164113,10.000,01.000,25.000,90.000,True,1.15054733
20201112,164133,10.000,01.000,25.000,90.000,True,1.171113549
20201112,164155,10.000,01.000,30.000,35.000,False,0.037542098
20201112,164212,10.000,01.000,30.000,35.000,False,0.00218706
20201112,164229,10.000,01.000,30.000,35.000,False,0.002214224
20201112,164246,10.000,01.000,30.000,35.000,False,0.002751608
20201112,164303,10.000,01.000,30.000,35.000,False,0.002537404
20201112,164322,10.000,01.000,30.000,40.000,False,0.001906354
20201112,164339,10.000,01.000,30.000,40.000,False,0.002744653
20201112,164357,10.000,01.000,30.000,40.000,False,0.005888342
20201112,164414,10.000,01.000,30.000,40.000,False,0.005141578
20201112,164431,10.000,01.000,30.000,40.000,False,0.002494937
20201112,164449,10.000,01.000,30.000,45.000,False,0.005233382
20201112,164506,10.000,01.000,30.000,45.000,False,0.006943405
20201112,164523,10.000,01.000,30.000,45.000,False,0.053301613
20201112,164540,10.000,01.000,30.000,45.000,False,0.010373147
20201112,164558,10.000,01.000,30.000,45.000,False,0.03421618
20201112,164644,10.000,01.000,30.000,50.000,False,0.150824727
20201112,164701,10.000,01.000,30.000,50.000,False,0.033726886
20201112,164718,10.000,01.000,30.000,50.000,False,0.064796648
20201112,164736,10.000,01.000,30.000,50.000,False,0.004542855
20201112,164753,10.000,01.000,30.000,50.000,False,0.000558595
20201112,164827,10.000,01.000,30.000,55.000,False,0.090906032
20201112,164845,10.000,01.000,30.000,55.000,False,0.054653191
20201112,164902,10.000,01.000,30.000,55.000,False,0.008521417
20201112,164919,10.000,01.000,30.000,55.000,False,0.092973238
20201112,164936,10.000,01.000,30.000,55.000,False,0.071887001
20201112,164957,10.000,01.000,30.000,60.000,False,0.565234367
20201112,165030,10.000,01.000,30.000,60.000,False,0.502421658
20201112,165047,10.000,01.000,30.000,60.000,False,0.817422149
20201112,165104,10.000,01.000,30.000,60.000,False,0.961301457
20201112,181241,10.000,01.000,30.000,60.000,False,0.262040724
20201112,175036,10.000,01.000,30.000,65.000,True,1.039431646
20201112,175053,10.000,01.000,30.000,65.000,True,1.103233718
20201112,175118,10.000,01.000,30.000,65.000,True,1.001860228
20201112,175136,10.000,01.000,30.000,65.000,True,1.137339465
20201112,175215,10.000,01.000,30.000,65.000,True,0.975950573
20201112,175259,10.000,01.000,30.000,70.000,True,1.152143214
20201112,175330,10.000,01.000,30.000,70.000,True,1.083825774
20201112,175347,10.000,01.000,30.000,70.000,True,1.161749617
20201112,175436,10.000,01.000,30.000,70.000,True,1.081932336
20201112,175453,10.000,01.000,30.000,70.000,True,1.088981261
20201112,175529,10.000,01.000,30.000,75.000,True,1.134950852
20201112,175546,10.000,01.000,30.000,75.000,True,1.205747139
20201112,175611,10.000,01.000,30.000,75.000,True,1.073147551
20201112,175628,10.000,01.000,30.000,75.000,True,1.209744993
20201112,175652,10.000,01.000,30.000,75.000,True,1.097928631
20201112,175709,10.000,01.000,30.000,80.000,True,1.168979864
20201112,175802,10.000,01.000,30.000,80.000,True,1.215891165
20201112,175827,10.000,01.000,30.000,80.000,True,1.168713818
20201112,175855,10.000,01.000,30.000,80.000,True,1.118398029
20201112,180203,10.000,01.000,30.000,80.000,True,1.167356938
20201112,175914,10.000,01.000,30.000,85.000,True,1.1704655
20201112,175942,10.000,01.000,30.000,85.000,True,1.105162007
20201112,175959,10.000,01.000,30.000,85.000,True,1.134339311
20201112,180022,10.000,01.000,30.000,85.000,True,1.075000698
20201112,180039,10.000,01.000,30.000,85.000,True,1.213843984
20201112,180228,10.000,01.000,30.000,90.000,True,1.142559747
20201112,180250,10.000,01.000,30.000,90.000,True,1.089667883
20201112,180307,10.000,01.000,30.000,90.000,True,1.197601448
20201112,180329,10.000,01.000,30.000,90.000,True,1.095901051
20201112,180346,10.000,01.000,30.000,90.000,True,1.109361031
20201112,180428,10.000,01.000,35.000,40.000,False,0.057509887
20201112,180445,10.000,01.000,35.000,40.000,False,0.022707628
20201112,180502,10.000,01.000,35.000,40.000,False,0.008898635
20201112,180519,10.000,01.000,35.000,40.000,False,0.003454351
20201112,180536,10.000,01.000,35.000,40.000,False,0.002815638
20201112,180608,10.000,01.000,35.000,45.000,False,0.003316472
20201112,180625,10.000,01.000,35.000,45.000,False,0.012926461
20201112,180642,10.000,01.000,35.000,45.000,False,0.008752835
20201112,180717,10.000,01.000,35.000,45.000,False,0.015189946
20201112,180734,10.000,01.000,35.000,45.000,False,0.00417607
20201112,180751,10.000,01.000,35.000,50.000,False,0.004314867
20201112,180808,10.000,01.000,35.000,50.000,False,0.079441134
20201112,180825,10.000,01.000,35.000,50.000,False,0.0052774
20201112,180842,10.000,01.000,35.000,50.000,False,0.126740743
20201112,180859,10.000,01.000,35.000,50.000,False,0.088914845
20201112,180917,10.000,01.000,35.000,55.000,False,0.175729917
20201112,180934,10.000,01.000,35.000,55.000,False,0.393513867
20201112,180951,10.000,01.000,35.000,55.000,False,0.188403714
20201112,181008,10.000,01.000,35.000,55.000,False,0.093965151
20201112,181025,10.000,01.000,35.000,55.000,False,0.121245101
20201113,082137,10.000,01.000,35.000,60.000,False,0.003332491
20201113,082154,10.000,01.000,35.000,60.000,False,0.006919844
20201113,082212,10.000,01.000,35.000,60.000,False,0.016864653
20201113,082240,10.000,01.000,35.000,60.000,False,0.003681488
20201113,082258,10.000,01.000,35.000,60.000,False,0.148860898
20201113,082318,10.000,01.000,35.000,65.000,True,0.003169815
20201113,082337,10.000,01.000,35.000,65.000,True,0.008196072
20201113,082401,10.000,01.000,35.000,65.000,True,0.134931491
20201113,082418,10.000,01.000,35.000,65.000,True,0.144376451
20201113,082445,10.000,01.000,35.000,65.000,True,0.140510633
20201113,082502,10.000,01.000,35.000,70.000,True,0.13780651
20201113,082527,10.000,01.000,35.000,70.000,True,3.307563069
20201113,082544,10.000,01.000,35.000,70.000,True,2.311398979
20201113,082612,10.000,01.000,35.000,70.000,True,2.96324836
20201113,082629,10.000,01.000,35.000,70.000,True,0.134804113
20201113,082657,10.000,01.000,35.000,75.000,True,1.019108448
20201113,082714,10.000,01.000,35.000,75.000,True,2.093672347
20201113,082800,10.000,01.000,35.000,75.000,True,1.041647342
20201113,082817,10.000,01.000,35.000,75.000,True,1.130075394
20201113,082839,10.000,01.000,35.000,75.000,True,3.016545511
20201113,082856,10.000,01.000,35.000,80.000,True,1.088291385
20201113,082923,10.000,01.000,35.000,80.000,True,1.981587111
20201113,082940,10.000,01.000,35.000,80.000,True,1.100622352
20201113,083008,10.000,01.000,35.000,80.000,True,1.017417528
20201113,083025,10.000,01.000,35.000,80.000,True,1.902722515
20201113,083109,10.000,01.000,35.000,85.000,True,1.141087672
20201113,083126,10.000,01.000,35.000,85.000,True,1.165756265
20201113,083201,10.000,01.000,35.000,85.000,True,1.113593374
20201113,083218,10.000,01.000,35.000,85.000,True,1.137480773
20201113,083232,10.000,01.000,35.000,85.000,True,1.117526476
20201113,083245,10.000,01.000,35.000,90.000,True,1.141224759
20201113,083302,10.000,01.000,35.000,90.000,True,1.018247985
20201113,083327,10.000,01.000,35.000,90.000,True,1.045557485
20201113,083344,10.000,01.000,35.000,90.000,True,1.075351034
20201113,083407,10.000,01.000,35.000,90.000,True,1.057853861
20201113,083427,10.000,01.000,40.000,45.000,False,2.105185007
20201113,083455,10.000,01.000,40.000,45.000,False,0.068739921
20201113,083512,10.000,01.000,40.000,45.000,False,0.026606883
20201113,083529,10.000,01.000,40.000,45.000,False,2.303972369
20201113,083546,10.000,01.000,40.000,45.000,False,0.000340249
20201113,083625,10.000,01.000,40.000,50.000,False,0.052140867
20201113,083642,10.000,01.000,40.000,50.000,False,0.042941289
20201113,083659,10.000,01.000,40.000,50.000,False,0.009729386
20201113,083716,10.000,01.000,40.000,50.000,False,0.009822022
20201113,083734,10.000,01.000,40.000,50.000,False,0.003049316
20201113,083756,10.000,01.000,40.000,55.000,False,0.000896595
20201113,083815,10.000,01.000,40.000,55.000,False,0.005059605
20201113,083832,10.000,01.000,40.000,55.000,False,0.006196378
20201113,083850,10.000,01.000,40.000,55.000,False,0.002399057
20201113,083907,10.000,01.000,40.000,55.000,False,0.052818258
20201113,083926,10.000,01.000,40.000,60.000,False,0.450559351
20201113,083943,10.000,01.000,40.000,60.000,False,0.653291159
20201113,084001,10.000,01.000,40.000,60.000,False,0.721826534
20201113,084029,10.000,01.000,40.000,60.000,False,0.23576542
20201113,084046,10.000,01.000,40.000,60.000,False,0.433606821
20201113,084112,10.000,01.000,40.000,65.000,True,0.836979114
20201113,084129,10.000,01.000,40.000,65.000,True,0.872534412
20201113,084210,10.000,01.000,40.000,65.000,False,0.820775668
20201113,084228,10.000,01.000,40.000,65.000,True,0.994910799
20201113,084637,10.000,01.000,40.000,65.000,True,0.947652316
20201113,084254,10.000,01.000,40.000,70.000,True,0.943611127
20201113,084311,10.000,01.000,40.000,70.000,True,1.09373071
20201113,084338,10.000,01.000,40.000,70.000,True,0.922845511
20201113,084355,10.000,01.000,40.000,70.000,True,0.948492005
20201113,084413,10.000,01.000,40.000,70.000,True,1.021034707
20201113,084441,10.000,01.000,40.000,75.000,True,1.01692021
20201113,084458,10.000,01.000,40.000,75.000,True,0.965346174
20201113,084515,10.000,01.000,40.000,75.000,True,1.044730191
20201113,084543,10.000,01.000,40.000,75.000,True,0.945876806
20201113,084601,10.000,01.000,40.000,75.000,True,1.105140266
20201113,084739,10.000,01.000,40.000,80.000,True,1.014299255
20201113,084756,10.000,01.000,40.000,80.000,True,1.042127528
20201113,084822,10.000,01.000,40.000,80.000,True,1.037867875
20201113,084839,10.000,01.000,40.000,80.000,True,1.076968068
20201116,102927,10.000,01.000,40.000,80.000,True,1.063674959
20201113,084928,10.000,01.000,40.000,85.000,True,1.065152346
20201113,084959,10.000,01.000,40.000,85.000,True,1.064359677
20201113,085016,10.000,01.000,40.000,85.000,True,1.122913317
20201113,085033,10.000,01.000,40.000,85.000,True,1.104514536
20201113,085108,10.000,01.000,40.000,85.000,True,1.043739873
20201113,085129,10.000,01.000,40.000,90.000,True,1.088737694
20201113,085204,10.000,01.000,40.000,90.000,False,0.901200524
20201113,085221,10.000,01.000,40.000,90.000,True,1.065216611
20201113,085258,10.000,01.000,40.000,90.000,True,1.099203686
20201113,085315,10.000,01.000,40.000,90.000,True,1.30212802
20201113,085400,10.000,01.000,45.000,50.000,False,0.111614465
20201113,085417,10.000,01.000,45.000,50.000,False,0.007467331
20201113,085434,10.000,01.000,45.000,50.000,False,0.000715042
20201113,085451,10.000,01.000,45.000,50.000,False,0.000214327
20201113,085509,10.000,01.000,45.000,50.000,False,0.0003975
20201113,085528,10.000,01.000,45.000,55.000,False,0.000685293
20201113,085545,10.000,01.000,45.000,55.000,False,0.007456718
20201113,085602,10.000,01.000,45.000,55.000,False,0.007959681
20201113,085619,10.000,01.000,45.000,55.000,False,0.004377404
20201113,085636,10.000,01.000,45.000,55.000,False,0.004493411
20201113,085710,10.000,01.000,45.000,60.000,False,0.464969445
20201113,085728,10.000,01.000,45.000,60.000,False,0.66994047
20201113,085745,10.000,01.000,45.000,60.000,False,0.839332249
20201113,085832,10.000,01.000,45.000,60.000,False,0.33879342
20201113,085849,10.000,01.000,45.000,60.000,False,0.422080879
20201113,085911,10.000,01.000,45.000,65.000,True,1.070661496
20201113,085942,10.000,01.000,45.000,65.000,False,0.585983313
20201113,085959,10.000,01.000,45.000,65.000,True,0.741865583
20201113,090016,10.000,01.000,45.000,65.000,True,0.933191051
20201113,090053,10.000,01.000,45.000,65.000,False,0.716189114
20201113,090125,10.000,01.000,45.000,70.000,True,0.999442617
20201113,090219,10.000,01.000,45.000,70.000,True,1.00963212
20201113,090236,10.000,01.000,45.000,70.000,True,1.058259742
20201113,090253,10.000,01.000,45.000,70.000,True,1.104165907
20201113,090402,10.000,01.000,45.000,70.000,True,1.04421699
20201113,090326,10.000,01.000,45.000,75.000,True,1.072545961
20201113,090543,10.000,01.000,45.000,75.000,True,1.05766621
20201113,090600,10.000,01.000,45.000,75.000,True,1.261070737
20201113,090630,10.000,01.000,45.000,75.000,True,0.916774689
20201113,090647,10.000,01.000,45.000,75.000,True,1.079347181
20201113,090712,10.000,01.000,45.000,80.000,True,1.014790855
20201113,090734,10.000,01.000,45.000,80.000,True,1.262105194
20201113,090757,10.000,01.000,45.000,80.000,True,1.01642329
20201113,090814,10.000,01.000,45.000,80.000,True,0.9595122
20201113,090852,10.000,01.000,45.000,80.000,True,1.00344494
20201113,091307,10.000,01.000,45.000,85.000,True,1.158270146
20201113,091325,10.000,01.000,45.000,85.000,True,1.182905892
20201113,091349,10.000,01.000,45.000,85.000,True,1.162146381
20201113,091406,10.000,01.000,45.000,85.000,True,1.085341817
20201113,091436,10.000,01.000,45.000,85.000,True,1.037617601
20201113,091535,10.000,01.000,45.000,90.000,True,1.074356061
20201113,091552,10.000,01.000,45.000,90.000,True,1.246518876
20201113,091618,10.000,01.000,45.000,90.000,True,1.068520847
20201113,091635,10.000,01.000,45.000,90.000,True,1.155162208
20201113,091711,10.000,01.000,45.000,90.000,True,1.037363547
20201113,091734,10.000,01.000,50.000,55.000,False,0.002724688
20201113,091800,10.000,01.000,50.000,55.000,False,0.22417457
20201113,091817,10.000,01.000,50.000,55.000,False,0.011907472
20201113,091835,10.000,01.000,50.000,55.000,False,0.073380413
20201113,091853,10.000,01.000,50.000,55.000,False,0.131991083
20201113,091921,10.000,01.000,50.000,60.000,False,0.761906471
20201113,091938,10.000,01.000,50.000,60.000,False,0.827586327
20201113,092020,10.000,01.000,50.000,60.000,False,0.264828422
20201113,092037,10.000,01.000,50.000,60.000,False,0.506654003
20201113,092101,10.000,01.000,50.000,60.000,False,0.684715263
20201113,092136,10.000,01.000,50.000,65.000,False,0.73978594
20201113,092153,10.000,01.000,50.000,65.000,True,0.863848341
20201113,092212,10.000,01.000,50.000,65.000,True,0.350874215
20201113,092249,10.000,01.000,50.000,65.000,False,0.73910149
20201113,092306,10.000,01.000,50.000,65.000,True,0.998006403
20201113,092340,10.000,01.000,50.000,70.000,True,0.963085343
20201113,092357,10.000,01.000,50.000,70.000,True,0.880209
20201113,092414,10.000,01.000,50.000,70.000,True,0.741822412
20201113,092441,10.000,01.000,50.000,70.000,True,0.8237591
20201113,092459,10.000,01.000,50.000,70.000,True,0.838024306
20201113,092516,10.000,01.000,50.000,75.000,True,1.020307425
20201113,092552,10.000,01.000,50.000,75.000,True,1.138010034
20201113,092609,10.000,01.000,50.000,75.000,True,0.960682216
20201113,092647,10.000,01.000,50.000,75.000,True,0.977919151
20201113,092704,10.000,01.000,50.000,75.000,True,0.799514327
20201113,092752,10.000,01.000,50.000,80.000,True,1.047098358
20201113,092809,10.000,01.000,50.000,80.000,True,1.01211684
20201113,092848,10.000,01.000,50.000,80.000,True,0.791951357
20201113,092905,10.000,01.000,50.000,80.000,True,1.107757234
20201113,092922,10.000,01.000,50.000,80.000,True,0.991832899
20201113,093008,10.000,01.000,50.000,85.000,True,1.093559225
20201113,093025,10.000,01.000,50.000,85.000,True,0.79314376
20201113,093042,10.000,01.000,50.000,85.000,True,1.233862156
20201113,093142,10.000,01.000,50.000,85.000,True,1.231063661
20201113,093159,10.000,01.000,50.000,85.000,True,0.927399969
20201113,093223,10.000,01.000,50.000,90.000,True,1.092067247
20201113,093240,10.000,01.000,50.000,90.000,True,1.001688518
20201113,093333,10.000,01.000,50.000,90.000,True,1.264453389
20201113,093350,10.000,01.000,50.000,90.000,True,1.041832217
20201113,093414,10.000,01.000,50.000,90.000,True,1.098007751
20201113,093440,10.000,01.000,55.000,60.000,False,0.496877447
20201113,093457,10.000,01.000,55.000,60.000,False,0.348174313
20201113,093520,10.000,01.000,55.000,60.000,False,0.258437787
20201113,093540,10.000,01.000,55.000,60.000,False,0.128435071
20201113,093559,10.000,01.000,55.000,60.000,False,0.399519809
20201113,093639,10.000,01.000,55.000,65.000,False,0.762206104
20201113,093657,10.000,01.000,55.000,65.000,False,0.612870795
20201113,093714,10.000,01.000,55.000,65.000,False,0.607503402
20201113,093731,10.000,01.000,55.000,65.000,False,0.260221021
20201113,093748,10.000,01.000,55.000,65.000,False,0.452765176
20201113,093817,10.000,01.000,55.000,70.000,True,0.707643447
20201113,093835,10.000,01.000,55.000,70.000,True,0.731885289
20201113,093852,10.000,01.000,55.000,70.000,False,0.227777761
20201113,093909,10.000,01.000,55.000,70.000,False,0.580203865
20201113,093926,10.000,01.000,55.000,70.000,False,0.141441388
20201113,093944,10.000,01.000,55.000,75.000,False,0.215025259
20201113,094017,10.000,01.000,55.000,75.000,False,0.766597977
20201113,094034,10.000,01.000,55.000,75.000,False,0.542458763
20201113,094051,10.000,01.000,55.000,75.000,False,0.595021108
20201113,094108,10.000,01.000,55.000,75.000,False,0.193395853
20201113,094140,10.000,01.000,55.000,80.000,True,0.972297901
20201113,094157,10.000,01.000,55.000,80.000,False,0.490601557
20201113,094214,10.000,01.000,55.000,80.000,False,0.261061289
20201113,094231,10.000,01.000,55.000,80.000,False,0.116227691
20201113,094249,10.000,01.000,55.000,80.000,False,0.088266003
20201113,094313,10.000,01.000,55.000,85.000,True,0.860518583
20201113,094330,10.000,01.000,55.000,85.000,False,0.176639399
20201113,094347,10.000,01.000,55.000,85.000,False,0.557932523
20201113,094433,10.000,01.000,55.000,85.000,False,0.180957763
20201113,094450,10.000,01.000,55.000,85.000,False,0.604823609
20201113,094513,10.000,01.000,55.000,90.000,False,0.48848226
20201113,094530,10.000,01.000,55.000,90.000,False,0.311860315
20201113,094547,10.000,01.000,55.000,90.000,False,0.363803088
20201113,094604,10.000,01.000,55.000,90.000,False,0.107588258
20201113,094621,10.000,01.000,55.000,90.000,False,0.324901683
20201113,094658,10.000,01.000,60.000,65.000,False,0.052511297
20201113,094715,10.000,01.000,60.000,65.000,False,0.013960385
20201113,094744,10.000,01.000,60.000,65.000,False,0.096393463
20201113,094801,10.000,01.000,60.000,65.000,False,0.088429827
20201113,094819,10.000,01.000,60.000,65.000,False,0.025988454
20201113,094841,10.000,01.000,60.000,70.000,False,0.057219469
20201113,094908,10.000,01.000,60.000,70.000,False,0.12637355
20201113,094926,10.000,01.000,60.000,70.000,False,0.30490442
20201113,094943,10.000,01.000,60.000,70.000,False,0.022919711
20201113,095000,10.000,01.000,60.000,70.000,False,0.137626291
20201113,095023,10.000,01.000,60.000,75.000,False,0.131049278
20201113,095040,10.000,01.000,60.000,75.000,False,0.10621648
20201113,095057,10.000,01.000,60.000,75.000,False,0.114862177
20201113,095114,10.000,01.000,60.000,75.000,False,0.106117283
20201113,095131,10.000,01.000,60.000,75.000,False,0.076334089
20201113,095156,10.000,01.000,60.000,80.000,False,0.104387898
20201113,095213,10.000,01.000,60.000,80.000,False,0.145389181
20201113,095230,10.000,01.000,60.000,80.000,False,0.020264267
20201113,095248,10.000,01.000,60.000,80.000,False,0.127759187
20201113,095305,10.000,01.000,60.000,80.000,False,0.185699272
20201113,095323,10.000,01.000,60.000,85.000,False,0.065254591
20201113,095340,10.000,01.000,60.000,85.000,False,0.077312765
20201113,095357,10.000,01.000,60.000,85.000,False,0.12353269
20201113,095415,10.000,01.000,60.000,85.000,False,0.04172202
20201113,095432,10.000,01.000,60.000,85.000,False,0.172661358
20201113,095452,10.000,01.000,60.000,90.000,False,0.135913646
20201113,095509,10.000,01.000,60.000,90.000,False,0.111947643
20201113,095526,10.000,01.000,60.000,90.000,False,0.071009012
20201113,095543,10.000,01.000,60.000,90.000,False,0.233475927
20201113,095600,10.000,01.000,60.000,90.000,False,0.23567299
20201116,094539,10.000,01.000,65.000,70.000,False,0.034392227
20201116,094557,10.000,01.000,65.000,70.000,False,0.016583103
20201116,094615,10.000,01.000,65.000,70.000,False,0.021081484
20201116,094632,10.000,01.000,65.000,70.000,False,0.032711665
20201116,094649,10.000,01.000,65.000,70.000,False,3.342212521
20201116,094712,10.000,01.000,65.000,75.000,False,0.017989796
20201116,094732,10.000,01.000,65.000,75.000,False,0.01346903
20201116,094749,10.000,01.000,65.000,75.000,False,3.343589698
20201116,094806,10.000,01.000,65.000,75.000,False,0.005930744
20201116,094823,10.000,01.000,65.000,75.000,False,0.041951461
20201116,094851,10.000,01.000,65.000,80.000,False,0.029852021
20201116,094925,10.000,01.000,65.000,80.000,False,0.050819011
20201116,094942,10.000,01.000,65.000,80.000,False,0.095477638
20201116,095000,10.000,01.000,65.000,80.000,False,0.031690658
20201116,095017,10.000,01.000,65.000,80.000,False,0.061954757
20201116,095249,10.000,01.000,65.000,85.000,False,0.071590482
20201116,095307,10.000,01.000,65.000,85.000,False,0.141044242
20201116,095324,10.000,01.000,65.000,85.000,False,0.067997343
20201116,095341,10.000,01.000,65.000,85.000,False,0.114429409
20201116,095358,10.000,01.000,65.000,85.000,False,0.060915937
20201116,101359,10.000,01.000,65.000,90.000,False,0.334465727
20201116,101416,10.000,01.000,65.000,90.000,False,0.068016285
20201116,101433,10.000,01.000,65.000,90.000,False,0.027808178
20201116,101450,10.000,01.000,65.000,90.000,False,0.019921458
20201116,101508,10.000,01.000,65.000,90.000,False,0.006041985
20201116,101634,10.000,01.000,70.000,75.000,False,0.016327298
20201116,101651,10.000,01.000,70.000,75.000,False,0.004919116
20201116,101709,10.000,01.000,70.000,75.000,False,0.004690941
20201116,101726,10.000,01.000,70.000,75.000,False,0.021203497
20201116,101743,10.000,01.000,70.000,75.000,False,0.017645835
20201116,101825,10.000,01.000,70.000,80.000,False,0.005570746
20201116,101842,10.000,01.000,70.000,80.000,False,0.024057878
20201116,101859,10.000,01.000,70.000,80.000,False,0.005079501
20201116,101916,10.000,01.000,70.000,80.000,False,0.026856923
20201116,101934,10.000,01.000,70.000,80.000,False,0.001940428
20201116,102027,10.000,01.000,70.000,85.000,False,0.016186
20201116,102044,10.000,01.000,70.000,85.000,False,0.012729327
20201116,102101,10.000,01.000,70.000,85.000,False,0.000205387
20201116,102118,10.000,01.000,70.000,85.000,False,0.003079487
20201116,102135,10.000,01.000,70.000,85.000,False,0.003107672
20201116,102159,10.000,01.000,70.000,90.000,False,0.000369488
20201116,102216,10.000,01.000,70.000,90.000,False,0.000586299
20201116,102233,10.000,01.000,70.000,90.000,False,0.016652603
20201116,102250,10.000,01.000,70.000,90.000,False,0.014936659
20201116,102307,10.000,01.000,70.000,90.000,False,0.012745808