# testDate, testTime, B[mT], f[Hz], alpha1[Deg], alpha2[Deg], isWalking, displacement[mm/step]
20200817,140218,10.000,01.000,00.000,30.000,False,0.03208144
20200817,140234,10.000,01.000,00.000,30.000,False,0.016899801
20200817,140250,10.000,01.000,00.000,30.000,False,0.020948389
20200817,140305,10.000,01.000,00.000,30.000,False,0.009312853
20200817,140321,10.000,01.000,00.000,30.000,False,0.031794725
20200817,140337,10.000,01.000,00.000,35.000,False,0.023474851
20200817,140353,10.000,01.000,00.000,35.000,False,0.013717413
20200817,140408,10.000,01.000,00.000,35.000,False,0.038717105
20200817,140424,10.000,01.000,00.000,35.000,False,0.088576572
20200817,140440,10.000,01.000,00.000,35.000,False,0.003247051
20200817,140502,10.000,01.000,00.000,40.000,False,0.012672495
20200817,140519,10.000,01.000,00.000,40.000,False,0.05135775
20200817,140537,10.000,01.000,00.000,40.000,False,0.077003125
20200817,140553,10.000,01.000,00.000,40.000,False,0.025349703
20200817,140612,10.000,01.000,00.000,40.000,False,0.066705814
20200817,140629,10.000,01.000,00.000,45.000,False,0.082163901
20200817,140645,10.000,01.000,00.000,45.000,False,0.128017194
20200817,140701,10.000,01.000,00.000,45.000,False,0.138631167
20200817,140725,10.000,01.000,00.000,45.000,False,0.082482999
20200817,140742,10.000,01.000,00.000,45.000,False,0.087559465
20200817,140801,10.000,01.000,00.000,50.000,False,0.085048934
20200817,140818,10.000,01.000,00.000,50.000,False,0.008625879
20200817,140904,10.000,01.000,00.000,50.000,False,0.012582631
20200817,140931,10.000,01.000,00.000,50.000,False,0.028034742
20200817,140952,10.000,01.000,00.000,50.000,False,0.009916013
20200817,141009,10.000,01.000,00.000,55.000,False,0.685460908
20200817,141026,10.000,01.000,00.000,55.000,False,0.033128215
20200817,141045,10.000,01.000,00.000,55.000,False,0.133557054
20200817,141106,10.000,01.000,00.000,55.000,False,1.341937674
20200817,141153,10.000,01.000,00.000,55.000,False,0.869642928
20200817,141213,10.000,01.000,00.000,60.000,True,1.870823311
20200817,141258,10.000,01.000,00.000,60.000,True,1.564547635
20200817,141417,10.000,01.000,00.000,60.000,True,1.763066932
20200817,141503,10.000,01.000,00.000,60.000,True,1.434126788
20200817,141538,10.000,01.000,00.000,60.000,False,1.610535299
20200817,141615,10.000,01.000,00.000,65.000,True,1.38288486
20200817,141643,10.000,01.000,00.000,65.000,True,1.605099207
20200817,141720,10.000,01.000,00.000,65.000,True,1.671492038
20200817,141745,10.000,01.000,00.000,65.000,True,1.510177725
20200817,141834,10.000,01.000,00.000,65.000,True,1.555800448
20200817,142133,10.000,01.000,00.000,70.000,True,1.454355675
20200817,142215,10.000,01.000,00.000,70.000,True,1.619572997
20200817,142247,10.000,01.000,00.000,70.000,True,1.831172672
20200817,142320,10.000,01.000,00.000,70.000,True,1.858547146
20200817,142357,10.000,01.000,00.000,70.000,True,1.381443008
20200817,142450,10.000,01.000,00.000,75.000,False,1.427701079
20200817,142519,10.000,01.000,00.000,75.000,False,0.700925663
20200817,142538,10.000,01.000,00.000,75.000,False,0.546061883
20200817,142557,10.000,01.000,00.000,75.000,False,2.249286611
20200817,142615,10.000,01.000,00.000,75.000,False,1.34446926
20200817,144123,10.000,01.000,00.000,80.000,False,0.999173725
20200817,144154,10.000,01.000,00.000,80.000,False,1.92034539
20200817,144221,10.000,01.000,00.000,80.000,False,0.82968466
20200817,144241,10.000,01.000,00.000,80.000,False,0.644813966
20200817,144328,10.000,01.000,00.000,80.000,False,1.30467484
20200817,144443,10.000,01.000,00.000,85.000,False,0.970389219
20200817,144547,10.000,01.000,00.000,85.000,False,1.623194872
20200817,144644,10.000,01.000,00.000,85.000,False,1.556684149
20200817,144827,10.000,01.000,00.000,85.000,False,2.015596634
20200817,144851,10.000,01.000,00.000,85.000,False,1.722281118
20200817,144940,10.000,01.000,00.000,90.000,False,2.664909694
20200817,145034,10.000,01.000,00.000,90.000,False,1.226560948
20200817,145110,10.000,01.000,00.000,90.000,False,1.803648413
20200817,145149,10.000,01.000,00.000,90.000,False,1.810922288
20200817,145241,10.000,01.000,00.000,90.000,False,1.498341659
20200817,145319,10.000,01.000,05.000,30.000,False,0.006638975
20200817,145335,10.000,01.000,05.000,30.000,False,0.041318294
20200817,145352,10.000,01.000,05.000,30.000,False,0.082555293
20200817,145421,10.000,01.000,05.000,30.000,False,0.160863166
20200817,145437,10.000,01.000,05.000,30.000,False,0.050245875
20200817,145456,10.000,01.000,05.000,35.000,False,0.07233835
20200817,145514,10.000,01.000,05.000,35.000,False,0.2460629
20200817,145530,10.000,01.000,05.000,35.000,False,0.339815384
20200817,145616,10.000,01.000,05.000,35.000,False,0.196972927
20200817,145632,10.000,01.000,05.000,35.000,False,0.17159638
20200817,145659,10.000,01.000,05.000,40.000,False,0.078660938
20200817,145716,10.000,01.000,05.000,40.000,False,0.121194146
20200817,145736,10.000,01.000,05.000,40.000,False,0.229270861
20200817,145753,10.000,01.000,05.000,40.000,False,0.234012503
20200817,145811,10.000,01.000,05.000,40.000,False,0.195273297
20200817,145829,10.000,01.000,05.000,45.000,False,0.60492232
20200817,145846,10.000,01.000,05.000,45.000,False,0.042957375
20200817,145912,10.000,01.000,05.000,45.000,False,0.449237639
20200817,145943,10.000,01.000,05.000,45.000,False,0.527811687
20200817,150017,10.000,01.000,05.000,45.000,False,0.251671287
20200817,150038,10.000,01.000,05.000,50.000,False,0.14717091
20200817,150058,10.000,01.000,05.000,50.000,False,0.071638366
20200817,150142,10.000,01.000,05.000,50.000,False,0.588608198
20200817,150201,10.000,01.000,05.000,50.000,False,1.223112998
20200817,150248,10.000,01.000,05.000,50.000,False,0.603484995
20200817,150310,10.000,01.000,05.000,55.000,False,1.340106093
20200817,150326,10.000,01.000,05.000,55.000,False,1.450842775
20200817,150407,10.000,01.000,05.000,55.000,False,0.899415117
20200817,150424,10.000,01.000,05.000,55.000,False,1.309544371
20200817,150501,10.000,01.000,05.000,55.000,False,1.020570564
20200817,150528,10.000,01.000,05.000,60.000,False,1.362452102
20200817,150616,10.000,01.000,05.000,60.000,False,1.403372566
20200817,150646,10.000,01.000,05.000,60.000,True,1.538175819
20200817,150721,10.000,01.000,05.000,60.000,False,1.390660874
20200817,150739,10.000,01.000,05.000,60.000,True,1.628317486
20200817,150817,10.000,01.000,05.000,65.000,True,1.472303701
20200817,150833,10.000,01.000,05.000,65.000,True,1.706319959
20200817,150918,10.000,01.000,05.000,65.000,True,1.559320761
20200817,150936,10.000,01.000,05.000,65.000,True,1.795395164
20200817,151006,10.000,01.000,05.000,65.000,True,1.477936455
20200817,151033,10.000,01.000,05.000,70.000,True,1.510869037
20200817,151056,10.000,01.000,05.000,70.000,True,1.537426095
20200817,151120,10.000,01.000,05.000,70.000,True,1.690340357
20200817,151214,10.000,01.000,05.000,70.000,True,1.585437063
20200817,151240,10.000,01.000,05.000,70.000,True,1.465019774
20200819,143611,10.000,01.000,05.000,75.000,True,1.46255171
20200819,143653,10.000,01.000,05.000,75.000,True,1.370596451
20200819,143753,10.000,01.000,05.000,75.000,True,1.434752603
20200819,143827,10.000,01.000,05.000,75.000,True,1.385107566
20200819,143910,10.000,01.000,05.000,75.000,True,1.40298245
20200819,143945,10.000,01.000,05.000,80.000,False,0.949994714
20200819,144034,10.000,01.000,05.000,80.000,False,0.749559076
20200819,144102,10.000,01.000,05.000,80.000,False,0.889928189
20200819,144134,10.000,01.000,05.000,80.000,False,0.732190191
20200819,144225,10.000,01.000,05.000,80.000,False,0.855275026
20200819,144440,10.000,01.000,05.000,85.000,False,1.27918998
20200819,144525,10.000,01.000,05.000,85.000,False,1.003426321
20200819,144613,10.000,01.000,05.000,85.000,False,1.128506044
20200819,144641,10.000,01.000,05.000,85.000,False,1.112007322
20200819,144715,10.000,01.000,05.000,85.000,False,1.239754947
20200819,145034,10.000,01.000,05.000,90.000,False,2.753744255
20200819,145102,10.000,01.000,05.000,90.000,False,3.120729025
20200819,145141,10.000,01.000,05.000,90.000,False,2.593628194
20200819,145244,10.000,01.000,05.000,90.000,False,2.62494438
20200819,145333,10.000,01.000,05.000,90.000,False,2.599217662
20200817,151422,10.000,01.000,10.000,30.000,False,0.076783142
20200817,151440,10.000,01.000,10.000,30.000,False,0.057291362
20200817,151456,10.000,01.000,10.000,30.000,False,0.207574672
20200817,151513,10.000,01.000,10.000,30.000,False,0.180819899
20200817,151529,10.000,01.000,10.000,30.000,False,0.30204191
20200817,151552,10.000,01.000,10.000,35.000,False,0.438998105
20200817,151621,10.000,01.000,10.000,35.000,False,0.020874876
20200817,151637,10.000,01.000,10.000,35.000,False,0.031894402
20200817,151653,10.000,01.000,10.000,35.000,False,0.021587059
20200817,151709,10.000,01.000,10.000,35.000,False,0.074338165
20200817,151725,10.000,01.000,10.000,40.000,False,0.116963337
20200817,151741,10.000,01.000,10.000,40.000,False,0.067502059
20200817,151757,10.000,01.000,10.000,40.000,False,0.098686592
20200817,151816,10.000,01.000,10.000,40.000,False,0.075863732
20200817,151832,10.000,01.000,10.000,40.000,False,0.092716394
20200817,151853,10.000,01.000,10.000,45.000,False,0.028990404
20200817,151908,10.000,01.000,10.000,45.000,False,0.121511762
20200817,151928,10.000,01.000,10.000,45.000,False,0.103142564
20200817,151946,10.000,01.000,10.000,45.000,False,0.236523438
20200817,152004,10.000,01.000,10.000,45.000,False,0.232612577
20200817,152021,10.000,01.000,10.000,50.000,False,1.039419674
20200817,152050,10.000,01.000,10.000,50.000,False,0.143414356
20200817,152112,10.000,01.000,10.000,50.000,False,0.495994692
20200817,152131,10.000,01.000,10.000,50.000,False,1.049225874
20200817,152147,10.000,01.000,10.000,50.000,False,1.291094273
20200817,152221,10.000,01.000,10.000,55.000,False,0.296400708
20200817,152239,10.000,01.000,10.000,55.000,False,0.596375099
20200817,152256,10.000,01.000,10.000,55.000,False,1.396721624
20200817,152321,10.000,01.000,10.000,55.000,False,1.234436096
20200817,152337,10.000,01.000,10.000,55.000,False,1.139640648
20200817,152410,10.000,01.000,10.000,60.000,False,0.990527085
20200817,152427,10.000,01.000,10.000,60.000,False,1.545255615
20200817,152459,10.000,01.000,10.000,60.000,False,1.382979052
20200817,152519,10.000,01.000,10.000,60.000,False,1.750694899
20200817,152547,10.000,01.000,10.000,60.000,False,1.440551993
20200817,152613,10.000,01.000,10.000,65.000,True,1.487306272
20200817,152629,10.000,01.000,10.000,65.000,True,1.890893699
20200817,152659,10.000,01.000,10.000,65.000,True,1.564567747
20200817,152717,10.000,01.000,10.000,65.000,True,1.879450154
20200817,152901,10.000,01.000,10.000,65.000,True,1.610751935
20200817,153030,10.000,01.000,10.000,70.000,True,1.796017265
20200817,153112,10.000,01.000,10.000,70.000,True,1.651323996
20200817,153138,10.000,01.000,10.000,70.000,True,1.774750381
20200817,153202,10.000,01.000,10.000,70.000,True,1.423336278
20200817,153228,10.000,01.000,10.000,70.000,True,1.765997785
20200819,145544,10.000,01.000,10.000,75.000,False,0.957296091
20200819,145615,10.000,01.000,10.000,75.000,False,1.363019011
20200819,145641,10.000,01.000,10.000,75.000,False,1.458854205
20200819,145708,10.000,01.000,10.000,75.000,False,1.40628374
20200819,145737,10.000,01.000,10.000,75.000,False,1.277482496
20200819,145800,10.000,01.000,10.000,80.000,False,1.086834097
20200819,145825,10.000,01.000,10.000,80.000,False,0.964697988
20200819,145849,10.000,01.000,10.000,80.000,False,1.17993005
20200819,145923,10.000,01.000,10.000,80.000,False,1.299007896
20200819,145950,10.000,01.000,10.000,80.000,False,1.238309173
20200819,150040,10.000,01.000,10.000,85.000,False,1.761558153
20200819,150116,10.000,01.000,10.000,85.000,False,1.613073523
20200819,150141,10.000,01.000,10.000,85.000,False,1.967720146
20200819,150209,10.000,01.000,10.000,85.000,False,1.795292132
20200819,150310,10.000,01.000,10.000,85.000,False,1.433973427
20200819,150409,10.000,01.000,10.000,90.000,False,2.127754038
20200819,150437,10.000,01.000,10.000,90.000,False,2.573884746
20200819,150615,10.000,01.000,10.000,90.000,False,2.360111045
20200819,150646,10.000,01.000,10.000,90.000,False,2.47622997
20200819,150718,10.000,01.000,10.000,90.000,False,2.625495068
20200817,153423,10.000,01.000,15.000,30.000,False,0.064771578
20200817,153440,10.000,01.000,15.000,30.000,False,0.036848033
20200817,153455,10.000,01.000,15.000,30.000,False,0.037299706
20200817,153511,10.000,01.000,15.000,30.000,False,0.070956106
20200817,153538,10.000,01.000,15.000,30.000,False,0.11850571
20200817,153554,10.000,01.000,15.000,35.000,False,0.050085201
20200817,153712,10.000,01.000,15.000,35.000,False,0.037525817
20200817,153728,10.000,01.000,15.000,35.000,False,0.071863137
20200817,153747,10.000,01.000,15.000,35.000,False,0.090790448
20200817,153803,10.000,01.000,15.000,35.000,False,0.092979001
20200817,153821,10.000,01.000,15.000,40.000,False,0.07627254
20200817,153838,10.000,01.000,15.000,40.000,False,0.010248764
20200817,153900,10.000,01.000,15.000,40.000,False,0.093025611
20200817,153916,10.000,01.000,15.000,40.000,False,0.155034244
20200817,153933,10.000,01.000,15.000,40.000,False,0.261942606
20200817,153950,10.000,01.000,15.000,45.000,False,0.449517845
20200817,154032,10.000,01.000,15.000,45.000,False,0.09267246
20200817,154048,10.000,01.000,15.000,45.000,False,0.040575844
20200817,154106,10.000,01.000,15.000,45.000,False,0.062262421
20200817,154123,10.000,01.000,15.000,45.000,False,0.046169567
20200817,154141,10.000,01.000,15.000,50.000,False,0.171322721
20200817,154158,10.000,01.000,15.000,50.000,False,0.35896171
20200817,154238,10.000,01.000,15.000,50.000,False,0.858160837
20200817,154254,10.000,01.000,15.000,50.000,False,1.054949
20200817,154311,10.000,01.000,15.000,50.000,False,1.008828007
20200817,154338,10.000,01.000,15.000,55.000,False,1.099497897
20200817,154354,10.000,01.000,15.000,55.000,False,1.247135979
20200817,154423,10.000,01.000,15.000,55.000,False,1.132345179
20200817,154440,10.000,01.000,15.000,55.000,False,1.186711117
20200817,154516,10.000,01.000,15.000,55.000,False,0.8627261
20200817,154558,10.000,01.000,15.000,60.000,False,1.634893919
20200817,154624,10.000,01.000,15.000,60.000,False,1.429971232
20200817,154652,10.000,01.000,15.000,60.000,False,1.499734049
20200817,154709,10.000,01.000,15.000,60.000,False,1.631422482
20200817,154809,10.000,01.000,15.000,60.000,False,1.410702807
20200817,154839,10.000,01.000,15.000,65.000,True,1.552275743
20200817,154904,10.000,01.000,15.000,65.000,True,1.614827356
20200817,154935,10.000,01.000,15.000,65.000,True,1.631810515
20200817,155001,10.000,01.000,15.000,65.000,True,1.603711614
20200817,155031,10.000,01.000,15.000,65.000,True,1.656994949
20200817,155106,10.000,01.000,15.000,70.000,True,1.797003619
20200817,155137,10.000,01.000,15.000,70.000,True,1.805023844
20200817,155202,10.000,01.000,15.000,70.000,True,1.691132334
20200817,155228,10.000,01.000,15.000,70.000,True,1.711778752
20200817,155255,10.000,01.000,15.000,70.000,True,1.745536546
20200819,150937,10.000,01.000,15.000,75.000,False,0.530076712
20200819,150958,10.000,01.000,15.000,75.000,False,0.580072677
20200819,151019,10.000,01.000,15.000,75.000,False,0.623291361
20200819,151042,10.000,01.000,15.000,75.000,False,0.583385696
20200819,151106,10.000,01.000,15.000,75.000,False,0.677352916
20200819,151156,10.000,01.000,15.000,80.000,False,0.792085662
20200819,151239,10.000,01.000,15.000,80.000,False,0.871479462
20200819,151307,10.000,01.000,15.000,80.000,False,0.861360127
20200819,151329,10.000,01.000,15.000,80.000,False,0.785153708
20200819,151403,10.000,01.000,15.000,80.000,False,0.877507849
20200819,151445,10.000,01.000,15.000,85.000,False,1.279164211
20200819,151509,10.000,01.000,15.000,85.000,False,1.44249672
20200819,151533,10.000,01.000,15.000,85.000,False,1.532021833
20200819,151603,10.000,01.000,15.000,85.000,False,1.50100797
20200819,151634,10.000,01.000,15.000,85.000,False,1.49626461
20200819,151709,10.000,01.000,15.000,90.000,False,2.464916063
20200819,151746,10.000,01.000,15.000,90.000,False,2.512748791
20200819,151824,10.000,01.000,15.000,90.000,False,2.412400785
20200819,151903,10.000,01.000,15.000,90.000,False,2.506117353
20200819,151934,10.000,01.000,15.000,90.000,False,2.314241606
20200817,155401,10.000,01.000,20.000,30.000,False,0.089707148
20200817,155417,10.000,01.000,20.000,30.000,False,0.134104168
20200817,155438,10.000,01.000,20.000,30.000,False,0.103020891
20200817,155454,10.000,01.000,20.000,30.000,False,0.102710301
20200817,155511,10.000,01.000,20.000,30.000,False,0.099612537
20200817,155527,10.000,01.000,20.000,35.000,False,0.176495023
20200817,155543,10.000,01.000,20.000,35.000,False,0.241360982
20200817,155559,10.000,01.000,20.000,35.000,False,0.320965683
20200817,155614,10.000,01.000,20.000,35.000,False,0.378487575
20200817,155630,10.000,01.000,20.000,35.000,False,0.488414709
20200817,155700,10.000,01.000,20.000,40.000,False,0.161224319
20200817,155715,10.000,01.000,20.000,40.000,False,0.195240602
20200817,155741,10.000,01.000,20.000,40.000,False,0.114220745
20200817,155759,10.000,01.000,20.000,40.000,False,0.156283327
20200817,155819,10.000,01.000,20.000,40.000,False,0.13251761
20200817,155836,10.000,01.000,20.000,45.000,False,0.405094908
20200817,155852,10.000,01.000,20.000,45.000,False,0.598621044
20200817,155908,10.000,01.000,20.000,45.000,False,0.551694994
20200817,155923,10.000,01.000,20.000,45.000,False,0.486666187
20200817,155948,10.000,01.000,20.000,45.000,False,0.517095729
20200818,112400,10.000,01.000,20.000,50.000,False,0.270095498
20200818,112421,10.000,01.000,20.000,50.000,False,0.713630706
20200818,112438,10.000,01.000,20.000,50.000,False,0.955503109
20200818,112456,10.000,01.000,20.000,50.000,False,0.728141082
20200818,112528,10.000,01.000,20.000,50.000,False,0.463998382
20200818,112545,10.000,01.000,20.000,55.000,False,1.306793621
20200818,112607,10.000,01.000,20.000,55.000,False,1.374110131
20200818,112635,10.000,01.000,20.000,55.000,False,0.338442103
20200818,112652,10.000,01.000,20.000,55.000,False,1.113112155
20200818,112756,10.000,01.000,20.000,55.000,False,1.448209121
20200818,112859,10.000,01.000,20.000,60.000,False,1.669625665
20200818,112923,10.000,01.000,20.000,60.000,True,1.798096936
20200818,113005,10.000,01.000,20.000,60.000,True,1.541560161
20200818,113026,10.000,01.000,20.000,60.000,True,1.626788993
20200818,113133,10.000,01.000,20.000,60.000,True,1.610727354
20200818,113200,10.000,01.000,20.000,65.000,True,1.615710703
20200818,113224,10.000,01.000,20.000,65.000,True,1.651153232
20200818,113250,10.000,01.000,20.000,65.000,True,1.681974904
20200818,113315,10.000,01.000,20.000,65.000,True,1.625578919
20200818,113343,10.000,01.000,20.000,65.000,True,1.678346226
20200818,113412,10.000,01.000,20.000,70.000,True,1.710751802
20200818,113438,10.000,01.000,20.000,70.000,False,1.733199284
20200818,113508,10.000,01.000,20.000,70.000,True,1.721198966
20200818,113536,10.000,01.000,20.000,70.000,True,1.672668143
20200818,113604,10.000,01.000,20.000,70.000,True,1.680518287
20200819,155736,10.000,01.000,20.000,75.000,False,1.155628606
20200819,155915,10.000,01.000,20.000,75.000,False,0.627235402
20200819,155937,10.000,01.000,20.000,75.000,False,0.728120575
20200819,160008,10.000,01.000,20.000,75.000,False,0.790302193
20200819,160031,10.000,01.000,20.000,75.000,False,0.64341186
20200819,160100,10.000,01.000,20.000,80.000,False,0.723365079
20200819,160143,10.000,01.000,20.000,80.000,False,0.790788367
20200819,160204,10.000,01.000,20.000,80.000,False,0.85766076
20200819,160227,10.000,01.000,20.000,80.000,False,0.82999353
20200819,160257,10.000,01.000,20.000,80.000,False,0.893917569
20200819,160408,10.000,01.000,20.000,85.000,False,1.305318164
20200819,160435,10.000,01.000,20.000,85.000,False,1.555508019
20200819,160502,10.000,01.000,20.000,85.000,False,1.515610144
20200819,160524,10.000,01.000,20.000,85.000,False,1.394323652
20200819,160549,10.000,01.000,20.000,85.000,False,1.532335176
20200819,160614,10.000,01.000,20.000,90.000,False,2.843473249
20200819,160645,10.000,01.000,20.000,90.000,False,2.349686663
20200819,160716,10.000,01.000,20.000,90.000,False,2.411461103
20200819,160747,10.000,01.000,20.000,90.000,False,2.59406386
20200819,160855,10.000,01.000,20.000,90.000,False,2.705851011
20200818,113703,10.000,01.000,25.000,30.000,False,0.084700203
20200818,113719,10.000,01.000,25.000,30.000,False,0.045813133
20200818,113734,10.000,01.000,25.000,30.000,False,0.086270106
20200818,113750,10.000,01.000,25.000,30.000,False,0.005050488
20200818,113817,10.000,01.000,25.000,30.000,False,0.009160977
20200818,113834,10.000,01.000,25.000,35.000,False,0.077557479
20200818,113850,10.000,01.000,25.000,35.000,False,0.056328472
20200818,113906,10.000,01.000,25.000,35.000,False,0.040808393
20200818,113923,10.000,01.000,25.000,35.000,False,0.042173354
20200818,113940,10.000,01.000,25.000,35.000,False,0.039138671
20200818,113956,10.000,01.000,25.000,40.000,False,0.053988648
20200818,114013,10.000,01.000,25.000,40.000,False,0.132143802
20200818,114039,10.000,01.000,25.000,40.000,False,0.170435141
20200818,114056,10.000,01.000,25.000,40.000,False,0.150829269
20200818,114117,10.000,01.000,25.000,40.000,False,0.144080645
20200818,114240,10.000,01.000,25.000,45.000,False,0.306431668
20200818,114300,10.000,01.000,25.000,45.000,False,0.00281337
20200818,114328,10.000,01.000,25.000,45.000,False,0.329021421
20200818,114616,10.000,01.000,25.000,45.000,False,0.501535522
20200818,114634,10.000,01.000,25.000,45.000,False,0.330243171
20200818,114821,10.000,01.000,25.000,50.000,False,1.177111426
20200818,114836,10.000,01.000,25.000,50.000,False,1.082252107
20200818,114924,10.000,01.000,25.000,50.000,False,0.306258924
20200818,114942,10.000,01.000,25.000,50.000,False,0.012692057
20200818,115004,10.000,01.000,25.000,50.000,False,1.217244851
20200818,115104,10.000,01.000,25.000,55.000,False,1.021261284
20200818,115120,10.000,01.000,25.000,55.000,False,1.384265403
20200818,115157,10.000,01.000,25.000,55.000,False,1.344108495
20200818,115212,10.000,01.000,25.000,55.000,False,1.417633711
20200818,115247,10.000,01.000,25.000,55.000,False,1.423758193
20200818,115303,10.000,01.000,25.000,60.000,True,1.618573684
20200818,115335,10.000,01.000,25.000,60.000,True,1.468013513
20200818,115352,10.000,01.000,25.000,60.000,True,1.533426717
20200818,115421,10.000,01.000,25.000,60.000,True,1.508139118
20200818,115451,10.000,01.000,25.000,60.000,True,1.622476018
20200818,115531,10.000,01.000,25.000,65.000,True,1.691523519
20200818,115546,10.000,01.000,25.000,65.000,True,1.737937832
20200818,115617,10.000,01.000,25.000,65.000,True,1.648331635
20200818,115632,10.000,01.000,25.000,65.000,True,1.699864863
20200818,115721,10.000,01.000,25.000,65.000,True,1.678488953
20200818,115749,10.000,01.000,25.000,70.000,True,1.679958367
20200818,115820,10.000,01.000,25.000,70.000,True,1.731181671
20200818,115847,10.000,01.000,25.000,70.000,True,1.795452929
20200818,115914,10.000,01.000,25.000,70.000,True,1.744161394
20200818,115938,10.000,01.000,25.000,70.000,True,1.63503103
20200819,161013,10.000,01.000,25.000,75.000,False,1.099883634
20200819,161033,10.000,01.000,25.000,75.000,False,1.125802716
20200819,161055,10.000,01.000,25.000,75.000,False,1.106859094
20200819,161128,10.000,01.000,25.000,75.000,False,1.210346129
20200819,161147,10.000,01.000,25.000,75.000,False,0.934047618
20200819,161226,10.000,01.000,25.000,80.000,False,1.14236822
20200819,161250,10.000,01.000,25.000,80.000,False,1.177140907
20200819,161310,10.000,01.000,25.000,80.000,False,1.087359643
20200819,161351,10.000,01.000,25.000,80.000,False,1.120835085
20200819,161411,10.000,01.000,25.000,80.000,False,0.673733984
20200819,161437,10.000,01.000,25.000,85.000,False,1.373031891
20200819,161512,10.000,01.000,25.000,85.000,False,1.529994742
20200819,161540,10.000,01.000,25.000,85.000,False,1.549793978
20200819,161611,10.000,01.000,25.000,85.000,False,1.567441842
20200819,161638,10.000,01.000,25.000,85.000,False,1.494792966
20200819,161704,10.000,01.000,25.000,90.000,False,2.409859775
20200819,161733,10.000,01.000,25.000,90.000,False,2.56067748
20200819,161805,10.000,01.000,25.000,90.000,False,2.635397728
20200819,161839,10.000,01.000,25.000,90.000,False,2.531168216
20200819,161906,10.000,01.000,25.000,90.000,False,2.955452952
20200818,120026,10.000,01.000,30.000,35.000,False,0.049897353
20200818,120042,10.000,01.000,30.000,35.000,False,0.004334554
20200818,120057,10.000,01.000,30.000,35.000,False,0.013910628
20200818,120113,10.000,01.000,30.000,35.000,False,0.101563443
20200818,120129,10.000,01.000,30.000,35.000,False,0.04579386
20200818,120145,10.000,01.000,30.000,40.000,False,0.108481558
20200818,120201,10.000,01.000,30.000,40.000,False,0.026070778
20200818,120217,10.000,01.000,30.000,40.000,False,0.00054364
20200818,120234,10.000,01.000,30.000,40.000,False,0.001946736
20200818,120250,10.000,01.000,30.000,40.000,False,0.001530286
20200818,120308,10.000,01.000,30.000,45.000,False,0.32807985
20200818,120323,10.000,01.000,30.000,45.000,False,0.38727962
20200818,120340,10.000,01.000,30.000,45.000,False,0.196020603
20200818,120405,10.000,01.000,30.000,45.000,False,0.295681869
20200818,120422,10.000,01.000,30.000,45.000,False,0.782141835
20200818,120509,10.000,01.000,30.000,50.000,False,1.252678846
20200818,120524,10.000,01.000,30.000,50.000,False,1.12221306
20200818,120554,10.000,01.000,30.000,50.000,False,1.071235433
20200818,120610,10.000,01.000,30.000,50.000,False,1.146106809
20200818,120629,10.000,01.000,30.000,50.000,False,1.140515132
20200818,120701,10.000,01.000,30.000,55.000,False,1.315284927
20200818,120716,10.000,01.000,30.000,55.000,False,1.330103625
20200818,120748,10.000,01.000,30.000,55.000,False,1.204057504
20200818,120844,10.000,01.000,30.000,55.000,False,1.353057195
20200818,120920,10.000,01.000,30.000,55.000,False,0.959713563
20200818,120946,10.000,01.000,30.000,60.000,True,1.5407453
20200818,121019,10.000,01.000,30.000,60.000,True,1.417345776
20200818,121036,10.000,01.000,30.000,60.000,True,1.521431061
20200818,121105,10.000,01.000,30.000,60.000,True,1.532710205
20200818,121122,10.000,01.000,30.000,60.000,True,1.561497135
20200818,121155,10.000,01.000,30.000,65.000,True,1.614629426
20200818,121213,10.000,01.000,30.000,65.000,True,1.616957249
20200818,121243,10.000,01.000,30.000,65.000,True,1.651670244
20200818,121259,10.000,01.000,30.000,65.000,True,1.604815577
20200818,121337,10.000,01.000,30.000,65.000,True,1.630280507
20200818,121406,10.000,01.000,30.000,70.000,True,1.709937931
20200818,121431,10.000,01.000,30.000,70.000,True,1.69026409
20200818,121512,10.000,01.000,30.000,70.000,True,1.639310755
20200818,121537,10.000,01.000,30.000,70.000,True,1.687939108
20200818,121606,10.000,01.000,30.000,70.000,True,1.716829346
20200819,162057,10.000,01.000,30.000,75.000,True,1.858368288
20200819,162124,10.000,01.000,30.000,75.000,False,1.451394663
20200819,162151,10.000,01.000,30.000,75.000,False,1.267881049
20200819,162210,10.000,01.000,30.000,75.000,False,1.333585134
20200819,162239,10.000,01.000,30.000,75.000,False,1.43986405
20200819,162317,10.000,01.000,30.000,80.000,False,1.531447558
20200819,162335,10.000,01.000,30.000,80.000,False,1.120509181
20200819,162412,10.000,01.000,30.000,80.000,True,1.330771607
20200819,162442,10.000,01.000,30.000,80.000,False,1.805579377
20200819,162504,10.000,01.000,30.000,80.000,False,1.078235865
20200819,162537,10.000,01.000,30.000,85.000,True,1.734383663
20200819,162559,10.000,01.000,30.000,85.000,False,1.729495941
20200819,162624,10.000,01.000,30.000,85.000,False,1.710537462
20200819,162653,10.000,01.000,30.000,85.000,False,1.764770943
20200819,162719,10.000,01.000,30.000,85.000,False,1.622479965
20200819,162753,10.000,01.000,30.000,90.000,False,2.817847325
20200819,162824,10.000,01.000,30.000,90.000,False,2.476490253
20200819,162854,10.000,01.000,30.000,90.000,False,2.468690058
20200819,162926,10.000,01.000,30.000,90.000,False,2.740407298
20200819,163006,10.000,01.000,30.000,90.000,False,2.795800715
20200818,121638,10.000,01.000,35.000,40.000,False,0.023222718
20200818,121701,10.000,01.000,35.000,40.000,False,0.002485329
20200818,121720,10.000,01.000,35.000,40.000,False,0.003158531
20200818,121736,10.000,01.000,35.000,40.000,False,0.004325999
20200818,121752,10.000,01.000,35.000,40.000,False,0.002737876
20200818,121809,10.000,01.000,35.000,45.000,False,0.346578966
20200818,121824,10.000,01.000,35.000,45.000,False,0.038964366
20200818,121856,10.000,01.000,35.000,45.000,False,0.321272883
20200818,121911,10.000,01.000,35.000,45.000,False,0.096550837
20200818,122011,10.000,01.000,35.000,45.000,False,0.069091645
20200818,122112,10.000,01.000,35.000,50.000,False,0.481121187
20200818,122129,10.000,01.000,35.000,50.000,False,0.640644538
20200818,122146,10.000,01.000,35.000,50.000,False,0.915437622
20200818,122201,10.000,01.000,35.000,50.000,False,0.726966938
20200818,122236,10.000,01.000,35.000,50.000,False,0.877531111
20200818,122252,10.000,01.000,35.000,55.000,False,1.326970262
20200818,122308,10.000,01.000,35.000,55.000,True,0.793042177
20200818,122335,10.000,01.000,35.000,55.000,True,1.169350788
20200818,122350,10.000,01.000,35.000,55.000,False,1.246129627
20200818,122417,10.000,01.000,35.000,55.000,False,1.180966744
20200818,122436,10.000,01.000,35.000,60.000,True,1.555946779
20200818,122513,10.000,01.000,35.000,60.000,False,1.43609524
20200818,122541,10.000,01.000,35.000,60.000,True,1.497481674
20200818,122600,10.000,01.000,35.000,60.000,True,1.514237001
20200818,122630,10.000,01.000,35.000,60.000,True,1.57803555
20200818,122720,10.000,01.000,35.000,65.000,True,1.613206444
20200818,122853,10.000,01.000,35.000,65.000,True,1.589923927
20200818,122908,10.000,01.000,35.000,65.000,True,1.600590961
20200818,122957,10.000,01.000,35.000,65.000,True,1.630742135
20200818,123013,10.000,01.000,35.000,65.000,True,1.672367869
20200818,123106,10.000,01.000,35.000,70.000,True,1.619297648
20200818,123133,10.000,01.000,35.000,70.000,True,1.708467221
20200818,123200,10.000,01.000,35.000,70.000,True,1.703713885
20200818,123226,10.000,01.000,35.000,70.000,True,1.699290688
20200818,123255,10.000,01.000,35.000,70.000,True,1.654555151
20200819,163148,10.000,01.000,35.000,75.000,False,1.647446004
20200819,163210,10.000,01.000,35.000,75.000,False,1.518943456
20200819,163240,10.000,01.000,35.000,75.000,False,1.483790316
20200819,163305,10.000,01.000,35.000,75.000,False,1.515216949
20200819,163334,10.000,01.000,35.000,75.000,True,0.000764055
20200819,163402,10.000,01.000,35.000,80.000,False,1.615013213
20200819,163431,10.000,01.000,35.000,80.000,False,1.641760216
20200819,163452,10.000,01.000,35.000,80.000,False,1.266952874
20200819,163530,10.000,01.000,35.000,80.000,False,1.88979826
20200819,163549,10.000,01.000,35.000,80.000,False,1.113550197
20200819,163628,10.000,01.000,35.000,85.000,False,2.086163612
20200819,163655,10.000,01.000,35.000,85.000,False,2.049247785
20200819,163725,10.000,01.000,35.000,85.000,False,1.825010402
20200819,163753,10.000,01.000,35.000,85.000,False,1.847531666
20200819,163821,10.000,01.000,35.000,85.000,False,2.022078435
20200819,163850,10.000,01.000,35.000,90.000,False,2.585050032
20200819,163914,10.000,01.000,35.000,90.000,False,2.637971921
20200819,163944,10.000,01.000,35.000,90.000,False,0.009627069
20200819,164007,10.000,01.000,35.000,90.000,False,2.830160809
20200819,164035,10.000,01.000,35.000,90.000,False,2.901073093
20200818,123405,10.000,01.000,40.000,45.000,False,0.398924882
20200818,123421,10.000,01.000,40.000,45.000,False,0.392888649
20200818,123437,10.000,01.000,40.000,45.000,False,0.363091482
20200818,123455,10.000,01.000,40.000,45.000,False,0.013886099
20200818,123510,10.000,01.000,40.000,45.000,False,0.095801488
20200818,123616,10.000,01.000,40.000,50.000,False,0.672529305
20200818,123633,10.000,01.000,40.000,50.000,False,0.674474051
20200818,123648,10.000,01.000,40.000,50.000,False,0.947461113
20200818,123703,10.000,01.000,40.000,50.000,False,0.727636194
20200818,123733,10.000,01.000,40.000,50.000,False,0.467128625
20200818,123749,10.000,01.000,40.000,55.000,False,0.993582649
20200818,123805,10.000,01.000,40.000,55.000,False,1.226456348
20200818,123832,10.000,01.000,40.000,55.000,False,0.948157461
20200818,123847,10.000,01.000,40.000,55.000,False,1.201560109
20200818,123905,10.000,01.000,40.000,55.000,False,1.192297289
20200818,123931,10.000,01.000,40.000,60.000,False,1.381688717
20200818,123946,10.000,01.000,40.000,60.000,False,1.498100792
20200818,124017,10.000,01.000,40.000,60.000,False,1.34159221
20200818,124032,10.000,01.000,40.000,60.000,False,1.542074398
20200818,124122,10.000,01.000,40.000,60.000,True,1.416088871
20200818,124147,10.000,01.000,40.000,65.000,False,1.46153937
20200818,124204,10.000,01.000,40.000,65.000,False,1.031261466
20200818,124234,10.000,01.000,40.000,65.000,False,1.559566376
20200818,124250,10.000,01.000,40.000,65.000,False,1.517857205
20200818,124327,10.000,01.000,40.000,65.000,True,1.489258781
20200818,124351,10.000,01.000,40.000,70.000,False,1.614404039
20200818,124406,10.000,01.000,40.000,70.000,True,1.622003267
20200818,124434,10.000,01.000,40.000,70.000,False,1.558681932
20200818,124449,10.000,01.000,40.000,70.000,False,1.42551274
20200818,124532,10.000,01.000,40.000,70.000,False,1.55013957
20200819,164754,10.000,01.000,40.000,75.000,True,1.145205269
20200819,164822,10.000,01.000,40.000,75.000,True,0.841266606
20200819,164843,10.000,01.000,40.000,75.000,False,0.53659961
20200819,164901,10.000,01.000,40.000,75.000,True,0.578693821
20200819,164919,10.000,01.000,40.000,75.000,False,0.838796201
20200819,164955,10.000,01.000,40.000,80.000,False,0.95059845
20200819,165016,10.000,01.000,40.000,80.000,False,0.914499491
20200819,165057,10.000,01.000,40.000,80.000,False,0.805744644
20200819,165116,10.000,01.000,40.000,80.000,False,0.804379288
20200819,165143,10.000,01.000,40.000,80.000,False,0.875445134
20200819,165210,10.000,01.000,40.000,85.000,False,1.416324986
20200819,165229,10.000,01.000,40.000,85.000,False,1.406854988
20200819,165302,10.000,01.000,40.000,85.000,False,1.449938298
20200819,165330,10.000,01.000,40.000,85.000,False,1.290383343
20200819,165354,10.000,01.000,40.000,85.000,False,1.430721604
20200819,165422,10.000,01.000,40.000,90.000,False,2.099905286
20200819,165454,10.000,01.000,40.000,90.000,False,2.478447443
20200819,165550,10.000,01.000,40.000,90.000,False,2.525563718
20200819,165619,10.000,01.000,40.000,90.000,False,2.674795993
20200819,165646,10.000,01.000,40.000,90.000,False,2.803071604
20200818,140430,10.000,01.000,45.000,50.000,False,0.048581372
20200818,140447,10.000,01.000,45.000,50.000,False,0.057311618
20200818,140504,10.000,01.000,45.000,50.000,False,0.031949839
20200818,140535,10.000,01.000,45.000,50.000,False,0.041010877
20200818,140554,10.000,01.000,45.000,50.000,False,0.037034266
20200818,140615,10.000,01.000,45.000,55.000,False,0.051638774
20200818,140635,10.000,01.000,45.000,55.000,False,0.004007274
20200818,140654,10.000,01.000,45.000,55.000,False,0.011574744
20200818,140710,10.000,01.000,45.000,55.000,False,0.006825426
20200818,140726,10.000,01.000,45.000,55.000,False,0.00439501
20200818,140745,10.000,01.000,45.000,60.000,False,0.038365085
20200818,140803,10.000,01.000,45.000,60.000,False,0.021042351
20200818,140820,10.000,01.000,45.000,60.000,False,0.022362819
20200818,140837,10.000,01.000,45.000,60.000,False,0.011539772
20200818,140853,10.000,01.000,45.000,60.000,False,0.005713863
20200818,140910,10.000,01.000,45.000,65.000,False,0.00535246
20200818,140933,10.000,01.000,45.000,65.000,False,0.007186558
20200818,140953,10.000,01.000,45.000,65.000,False,0.012333893
20200818,141014,10.000,01.000,45.000,65.000,False,0.004186293
20200818,141040,10.000,01.000,45.000,65.000,False,0.010606394
20200818,141228,10.000,01.000,45.000,70.000,False,0.777646047
20200818,141301,10.000,01.000,45.000,70.000,False,0.681123802
20200818,141333,10.000,01.000,45.000,70.000,False,1.111497699
20200818,141408,10.000,01.000,45.000,70.000,False,1.200380514
20200818,141439,10.000,01.000,45.000,70.000,False,0.174351426
20200819,165800,10.000,01.000,45.000,75.000,False,1.002436991
20200819,165821,10.000,01.000,45.000,75.000,False,0.782374187
20200819,165856,10.000,01.000,45.000,75.000,True,0.003336576
20200819,165920,10.000,01.000,45.000,75.000,True,0.990570573
20200819,165943,10.000,01.000,45.000,75.000,True,0.861951688
20200819,170012,10.000,01.000,45.000,80.000,False,0.571375352
20200819,170028,10.000,01.000,45.000,80.000,False,0.00125041
20200819,170047,10.000,01.000,45.000,80.000,False,0.684007987
20200819,170112,10.000,01.000,45.000,80.000,False,1.049056008
20200819,170140,10.000,01.000,45.000,80.000,False,1.042526297
20200819,170206,10.000,01.000,45.000,85.000,False,1.537490274
20200819,170238,10.000,01.000,45.000,85.000,False,1.144560369
20200819,170323,10.000,01.000,45.000,85.000,False,1.265178609
20200819,170346,10.000,01.000,45.000,85.000,False,1.254560503
20200819,170409,10.000,01.000,45.000,85.000,False,1.321507685
20200819,170433,10.000,01.000,45.000,90.000,False,2.400268655
20200819,170459,10.000,01.000,45.000,90.000,False,1.828649349
20200819,170525,10.000,01.000,45.000,90.000,False,2.500448685
20200819,170552,10.000,01.000,45.000,90.000,False,1.204114143
20200819,170618,10.000,01.000,45.000,90.000,False,2.530253237
20200818,141955,10.000,01.000,50.000,55.000,False,0.473301367
20200818,142013,10.000,01.000,50.000,55.000,False,0.146877808
20200818,142028,10.000,01.000,50.000,55.000,False,0.065151836
20200818,142048,10.000,01.000,50.000,55.000,False,0.076701057
20200818,142105,10.000,01.000,50.000,55.000,False,0.155564835
20200818,142130,10.000,01.000,50.000,60.000,False,0.376657772
20200818,142149,10.000,01.000,50.000,60.000,False,0.058520923
20200818,142205,10.000,01.000,50.000,60.000,False,0.060011347
20200818,142225,10.000,01.000,50.000,60.000,False,0.088933933
20200818,142250,10.000,01.000,50.000,60.000,False,0.064527838
20200818,142307,10.000,01.000,50.000,65.000,False,0.040905694
20200818,142336,10.000,01.000,50.000,65.000,False,0.665015752
20200818,142400,10.000,01.000,50.000,65.000,False,0.650989969
20200818,142424,10.000,01.000,50.000,65.000,False,0.253723957
20200818,142444,10.000,01.000,50.000,65.000,False,0.05269381
20200818,142528,10.000,01.000,50.000,70.000,False,0.627684952
20200818,142558,10.000,01.000,50.000,70.000,False,0.314927784
20200818,142614,10.000,01.000,50.000,70.000,False,0.05794981
20200818,142630,10.000,01.000,50.000,70.000,False,0.017275193
20200818,142654,10.000,01.000,50.000,70.000,False,0.022213401
20200819,171229,10.000,01.000,50.000,75.000,False,0.681450305
20200819,171309,10.000,01.000,50.000,75.000,False,0.536825316
20200819,171337,10.000,01.000,50.000,75.000,False,0.560607005
20200819,171402,10.000,01.000,50.000,75.000,False,0.506395266
20200819,171420,10.000,01.000,50.000,75.000,False,0.041798014
20200819,171446,10.000,01.000,50.000,80.000,False,0.639019322
20200819,171506,10.000,01.000,50.000,80.000,True,0.589146787
20200819,171542,10.000,01.000,50.000,80.000,True,0.544609144
20200819,171616,10.000,01.000,50.000,80.000,False,0.588498599
20200819,171646,10.000,01.000,50.000,80.000,False,0.612298233
20200819,171713,10.000,01.000,50.000,85.000,False,1.189613705
20200819,171742,10.000,01.000,50.000,85.000,False,1.24149659
20200819,171804,10.000,01.000,50.000,85.000,False,1.219639974
20200819,171828,10.000,01.000,50.000,85.000,False,1.221276486
20200819,171854,10.000,01.000,50.000,85.000,False,1.319588644
20200819,172011,10.000,01.000,50.000,90.000,True,1.870115274
20200819,172034,10.000,01.000,50.000,90.000,False,1.952463627
20200819,172059,10.000,01.000,50.000,90.000,False,1.647928144
20200819,172123,10.000,01.000,50.000,90.000,True,2.03223544
20200819,172148,10.000,01.000,50.000,90.000,False,1.914707802
20200818,142729,10.000,01.000,55.000,60.000,False,0.07729633
20200818,142756,10.000,01.000,55.000,60.000,False,0.066775908
20200818,142812,10.000,01.000,55.000,60.000,False,0.08623361
20200818,142829,10.000,01.000,55.000,60.000,False,0.054501101
20200818,142845,10.000,01.000,55.000,60.000,False,0.019707852
20200818,142909,10.000,01.000,55.000,65.000,False,0.037906602
20200818,142925,10.000,01.000,55.000,65.000,False,0.041616773
20200818,142942,10.000,01.000,55.000,65.000,False,0.031669071
20200818,142959,10.000,01.000,55.000,65.000,False,0.003748594
20200818,143016,10.000,01.000,55.000,65.000,False,0.015786978
20200818,143036,10.000,01.000,55.000,70.000,False,0.067051012
20200818,143055,10.000,01.000,55.000,70.000,False,0.097393825
20200818,143112,10.000,01.000,55.000,70.000,False,0.039446014
20200818,143130,10.000,01.000,55.000,70.000,False,0.02680216
20200818,143147,10.000,01.000,55.000,70.000,False,0.056538545
20200819,172233,10.000,01.000,55.000,75.000,False,0.222335372
20200819,172255,10.000,01.000,55.000,75.000,False,0.181502413
20200819,172323,10.000,01.000,55.000,75.000,False,0.2155007
20200819,172344,10.000,01.000,55.000,75.000,False,0.20694958
20200819,172410,10.000,01.000,55.000,75.000,False,0.269343454
20200819,172434,10.000,01.000,55.000,80.000,False,0.085168953
20200819,172451,10.000,01.000,55.000,80.000,False,0.045542985
20200819,172507,10.000,01.000,55.000,80.000,False,0.016689304
20200819,172522,10.000,01.000,55.000,80.000,False,0.016231416
20200819,172537,10.000,01.000,55.000,80.000,False,0.024109113
20200819,172558,10.000,01.000,55.000,85.000,False,0.924131128
20200819,172622,10.000,01.000,55.000,85.000,False,1.076890594
20200819,172644,10.000,01.000,55.000,85.000,False,1.107813035
20200819,172708,10.000,01.000,55.000,85.000,False,1.108789083
20200819,172730,10.000,01.000,55.000,85.000,False,1.171803363
20200819,172755,10.000,01.000,55.000,90.000,False,1.501633561
20200819,172817,10.000,01.000,55.000,90.000,False,1.650381696
20200819,172838,10.000,01.000,55.000,90.000,False,1.693074843
20200819,172902,10.000,01.000,55.000,90.000,False,1.568215373
20200819,172925,10.000,01.000,55.000,90.000,False,1.633010504
20200818,143235,10.000,01.000,60.000,65.000,False,0.092697146
20200818,143251,10.000,01.000,60.000,65.000,False,0.032064183
20200818,143313,10.000,01.000,60.000,65.000,False,0.089849877
20200818,143329,10.000,01.000,60.000,65.000,False,0.099025735
20200818,143347,10.000,01.000,60.000,65.000,False,0.062384305
20200818,143405,10.000,01.000,60.000,70.000,False,0.125095049
20200818,143423,10.000,01.000,60.000,70.000,False,0.027067075
20200818,143440,10.000,01.000,60.000,70.000,False,0.048849037
20200818,143459,10.000,01.000,60.000,70.000,False,0.029278408
20200818,143517,10.000,01.000,60.000,70.000,False,0.048012917
20200820,094231,10.000,01.000,60.000,75.000,False,0.1413981
20200820,094248,10.000,01.000,60.000,75.000,False,0.041694373
20200820,094304,10.000,01.000,60.000,75.000,False,0.009764473
20200820,094320,10.000,01.000,60.000,75.000,False,0.099759216
20200820,094336,10.000,01.000,60.000,75.000,False,0.098158214
20200820,094725,10.000,01.000,60.000,80.000,False,0.278161981
20200820,094741,10.000,01.000,60.000,80.000,False,0.247631947
20200820,094810,10.000,01.000,60.000,80.000,False,0.26319613
20200820,094855,10.000,01.000,60.000,80.000,False,0.073691843
20200820,095009,10.000,01.000,60.000,80.000,False,0.029079589
20200820,095052,10.000,01.000,60.000,85.000,False,0.683458393
20200820,095133,10.000,01.000,60.000,85.000,False,0.792701952
20200820,095159,10.000,01.000,60.000,85.000,False,0.910351832
20200820,095227,10.000,01.000,60.000,85.000,False,0.896074129
20200820,095253,10.000,01.000,60.000,85.000,False,0.852908625
20200820,095335,10.000,01.000,60.000,90.000,False,1.335921155
20200820,095418,10.000,01.000,60.000,90.000,False,1.011636076
20200820,095447,10.000,01.000,60.000,90.000,False,1.485054713
20200820,095514,10.000,01.000,60.000,90.000,False,1.431765279
20200820,095541,10.000,01.000,60.000,90.000,False,0.664956173
20200818,143600,10.000,01.000,65.000,70.000,False,0.053483711
20200818,143622,10.000,01.000,65.000,70.000,False,0.002201834
20200818,143639,10.000,01.000,65.000,70.000,False,0.006571309
20200818,143655,10.000,01.000,65.000,70.000,False,0.001654689
20200818,143713,10.000,01.000,65.000,70.000,False,0.000348373
20200820,095629,10.000,01.000,65.000,75.000,False,0.112065544
20200820,095646,10.000,01.000,65.000,75.000,False,0.052205837
20200820,095702,10.000,01.000,65.000,75.000,False,0.006048446
20200820,095717,10.000,01.000,65.000,75.000,False,0.013690831
20200820,095732,10.000,01.000,65.000,75.000,False,0.003613558
20200820,095800,10.000,01.000,65.000,80.000,False,0.016223951
20200820,095816,10.000,01.000,65.000,80.000,False,0.004333815
20200820,095831,10.000,01.000,65.000,80.000,False,0.003965781
20200820,095848,10.000,01.000,65.000,80.000,False,0.010473936
20200820,095904,10.000,01.000,65.000,80.000,False,0.003982722
20200820,095920,10.000,01.000,65.000,85.000,False,0.006487064
20200820,095936,10.000,01.000,65.000,85.000,False,0.005944488
20200820,095952,10.000,01.000,65.000,85.000,False,0.005816006
20200820,100031,10.000,01.000,65.000,85.000,False,0.004390773
20200820,100046,10.000,01.000,65.000,85.000,False,0.004320776
20200820,100105,10.000,01.000,65.000,90.000,False,0.0084737
20200820,100121,10.000,01.000,65.000,90.000,False,0.002541323
20200820,100138,10.000,01.000,65.000,90.000,False,0.017649957
20200820,100153,10.000,01.000,65.000,90.000,False,0.01966933
20200820,100212,10.000,01.000,65.000,90.000,False,0.008886026
20200820,100237,10.000,01.000,70.000,75.000,False,0.019242965
20200820,100253,10.000,01.000,70.000,75.000,False,0.004532663
20200820,100309,10.000,01.000,70.000,75.000,False,0.003714054
20200820,100325,10.000,01.000,70.000,75.000,False,0.003136514
20200820,100342,10.000,01.000,70.000,75.000,False,0.002164092
20200820,100403,10.000,01.000,70.000,80.000,False,0.022225869
20200820,100418,10.000,01.000,70.000,80.000,False,0.016153838
20200820,100453,10.000,01.000,70.000,80.000,False,0.00512084
20200820,100525,10.000,01.000,70.000,80.000,False,0.032234254
20200820,100542,10.000,01.000,70.000,80.000,False,0.0109596
20200820,100602,10.000,01.000,70.000,85.000,False,0.498575503
20200820,100620,10.000,01.000,70.000,85.000,False,0.577173
20200820,100647,10.000,01.000,70.000,85.000,False,0.447546507
20200820,100715,10.000,01.000,70.000,85.000,False,0.656845955
20200820,100738,10.000,01.000,70.000,85.000,False,0.671333101
20200820,100800,10.000,01.000,70.000,90.000,False,0.994218997
20200820,100818,10.000,01.000,70.000,90.000,False,0.016161722
20200820,100837,10.000,01.000,70.000,90.000,False,0.023305105
20200820,100854,10.000,01.000,70.000,90.000,False,0.015551696
20200820,100910,10.000,01.000,70.000,90.000,False,0.87500424