# testDate, testTime, B[mT], f[Hz], alpha1[Deg], alpha2[Deg], isWalking, displacement[mm/step]
20200820,153026,10.000,01.000,00.000,30.000,False,0.168108178
20200820,153103,10.000,01.000,00.000,30.000,False,0.429019327
20200820,153124,10.000,01.000,00.000,30.000,False,0.545966035
20200820,153200,10.000,01.000,00.000,30.000,False,0.569900047
20200820,153220,10.000,01.000,00.000,30.000,False,0.639173997
20200820,153340,10.000,01.000,00.000,35.000,False,0.633669792
20200820,153402,10.000,01.000,00.000,35.000,False,0.708262232
20200820,153430,10.000,01.000,00.000,35.000,False,0.571804692
20200820,153446,10.000,01.000,00.000,35.000,False,0.715484858
20200820,153529,10.000,01.000,00.000,35.000,False,0.832311955
20200820,153556,10.000,01.000,00.000,40.000,False,0.856220121
20200820,153634,10.000,01.000,00.000,40.000,False,0.729935789
20200820,153649,10.000,01.000,00.000,40.000,False,0.697366706
20200820,153705,10.000,01.000,00.000,40.000,False,0.820551211
20200820,153740,10.000,01.000,00.000,40.000,False,0.642759063
20200820,153859,10.000,01.000,00.000,45.000,False,0.425992483
20200820,153914,10.000,01.000,00.000,45.000,False,0.643226478
20200820,153930,10.000,01.000,00.000,45.000,False,0.691439645
20200820,153946,10.000,01.000,00.000,45.000,False,0.811023003
20200820,154017,10.000,01.000,00.000,45.000,False,0.610041771
20200820,154033,10.000,01.000,00.000,50.000,False,0.573035817
20200820,154052,10.000,01.000,00.000,50.000,False,0.45867947
20200820,154207,10.000,01.000,00.000,50.000,False,0.353797175
20200820,154223,10.000,01.000,00.000,50.000,False,0.474632503
20200820,154239,10.000,01.000,00.000,50.000,False,0.509932438
20200820,154354,10.000,01.000,00.000,55.000,False,0.112832505
20200820,154626,10.000,01.000,00.000,55.000,False,0.15104592
20200820,154647,10.000,01.000,00.000,55.000,False,0.139270626
20200820,154703,10.000,01.000,00.000,55.000,False,0.13160018
20200820,154719,10.000,01.000,00.000,55.000,False,0.23142634
20200820,154745,10.000,01.000,00.000,60.000,False,1.143199524
20200820,154811,10.000,01.000,00.000,60.000,False,0.813420881
20200820,154826,10.000,01.000,00.000,60.000,False,1.00492272
20200820,154851,10.000,01.000,00.000,60.000,False,0.762790189
20200820,154906,10.000,01.000,00.000,60.000,False,1.293549355
20200820,154932,10.000,01.000,00.000,65.000,True,0.952902455
20200820,154954,10.000,01.000,00.000,65.000,False,0.900860682
20200820,155010,10.000,01.000,00.000,65.000,True,1.469074593
20200820,155039,10.000,01.000,00.000,65.000,True,0.79462499
20200820,155111,10.000,01.000,00.000,65.000,True,1.062023605
20200820,155139,10.000,01.000,00.000,70.000,True,0.957727251
20200820,155154,10.000,01.000,00.000,70.000,True,1.107368707
20200820,155222,10.000,01.000,00.000,70.000,True,0.685868917
20200820,155237,10.000,01.000,00.000,70.000,True,0.866051394
20200820,155252,10.000,01.000,00.000,70.000,True,0.962999098
20200820,155329,10.000,01.000,00.000,75.000,True,1.055111861
20200820,155421,10.000,01.000,00.000,75.000,True,0.991226953
20200820,155440,10.000,01.000,00.000,75.000,True,1.314964101
20200820,155525,10.000,01.000,00.000,75.000,True,0.68343977
20200820,155541,10.000,01.000,00.000,75.000,True,0.922189383
20200820,155558,10.000,01.000,00.000,80.000,True,1.0217098
20200820,155642,10.000,01.000,00.000,80.000,True,0.982912269
20200820,155658,10.000,01.000,00.000,80.000,True,1.159426287
20200820,155713,10.000,01.000,00.000,80.000,True,1.150793316
20200820,155800,10.000,01.000,00.000,80.000,True,0.910425329
20200820,155816,10.000,01.000,00.000,85.000,True,0.987181106
20200820,155833,10.000,01.000,00.000,85.000,True,1.33937012
20200820,160121,10.000,01.000,00.000,85.000,True,1.241326715
20200820,160136,10.000,01.000,00.000,85.000,True,0.905289251
20200820,160152,10.000,01.000,00.000,85.000,True,1.083642323
20200820,160230,10.000,01.000,00.000,90.000,True,1.285689194
20200820,160247,10.000,01.000,00.000,90.000,True,1.155926565
20200820,160318,10.000,01.000,00.000,90.000,True,0.878953195
20200820,160334,10.000,01.000,00.000,90.000,True,1.082079605
20200820,160349,10.000,01.000,00.000,90.000,True,1.384123271
20200820,160424,10.000,01.000,05.000,30.000,False,0.631199223
20200820,160441,10.000,01.000,05.000,30.000,False,0.67255678
20200820,160501,10.000,01.000,05.000,30.000,False,0.275679272
20200820,160519,10.000,01.000,05.000,30.000,False,0.479662484
20200820,160534,10.000,01.000,05.000,30.000,False,0.627758213
20200820,160559,10.000,01.000,05.000,35.000,False,0.340814865
20200820,160615,10.000,01.000,05.000,35.000,False,0.753697618
20200820,160632,10.000,01.000,05.000,35.000,False,0.607244871
20200820,160706,10.000,01.000,05.000,35.000,False,0.201646922
20200820,160723,10.000,01.000,05.000,35.000,False,0.020789408
20200820,160748,10.000,01.000,05.000,40.000,False,0.531477485
20200820,160804,10.000,01.000,05.000,40.000,False,0.450929099
20200820,160821,10.000,01.000,05.000,40.000,False,0.42005493
20200820,160837,10.000,01.000,05.000,40.000,False,0.860094606
20200820,160903,10.000,01.000,05.000,40.000,False,0.363940761
20200820,160930,10.000,01.000,05.000,45.000,False,0.359964809
20200820,160947,10.000,01.000,05.000,45.000,False,0.644642278
20200820,161028,10.000,01.000,05.000,45.000,False,0.331351989
20200820,161044,10.000,01.000,05.000,45.000,False,0.178614122
20200820,161100,10.000,01.000,05.000,45.000,False,0.178922023
20200820,161212,10.000,01.000,05.000,50.000,False,0.126153793
20200820,161229,10.000,01.000,05.000,50.000,False,0.222163945
20200820,161246,10.000,01.000,05.000,50.000,False,0.253626984
20200820,161306,10.000,01.000,05.000,50.000,False,0.210771971
20200820,161340,10.000,01.000,05.000,50.000,False,0.251057902
20200820,161404,10.000,01.000,05.000,55.000,False,0.667906575
20200820,161426,10.000,01.000,05.000,55.000,False,0.781713082
20200820,161446,10.000,01.000,05.000,55.000,False,0.704879591
20200820,161502,10.000,01.000,05.000,55.000,False,0.653525453
20200820,161526,10.000,01.000,05.000,55.000,False,0.260980575
20200820,161547,10.000,01.000,05.000,60.000,True,1.517175342
20200820,161617,10.000,01.000,05.000,60.000,False,0.59847152
20200820,161632,10.000,01.000,05.000,60.000,False,1.045180208
20200820,161648,10.000,01.000,05.000,60.000,False,1.301992056
20200820,161718,10.000,01.000,05.000,60.000,False,1.371263425
20200820,161741,10.000,01.000,05.000,65.000,True,0.903584995
20200820,161801,10.000,01.000,05.000,65.000,True,1.259197794
20200820,161835,10.000,01.000,05.000,65.000,True,0.654233383
20200820,161859,10.000,01.000,05.000,65.000,True,1.241399892
20200820,162016,10.000,01.000,05.000,65.000,True,1.219767377
20200820,162044,10.000,01.000,05.000,70.000,True,1.230043447
20200820,162101,10.000,01.000,05.000,70.000,True,1.46056372
20200820,162136,10.000,01.000,05.000,70.000,False,1.173435972
20200820,162225,10.000,01.000,05.000,70.000,True,1.414766239
20200820,162242,10.000,01.000,05.000,70.000,True,1.521890791
20200820,162338,10.000,01.000,05.000,75.000,True,1.297686645
20200820,162401,10.000,01.000,05.000,75.000,True,1.736439873
20200820,162434,10.000,01.000,05.000,75.000,True,0.91578361
20200820,162506,10.000,01.000,05.000,75.000,True,1.646758491
20200820,162522,10.000,01.000,05.000,75.000,True,1.254948318
20200820,162550,10.000,01.000,05.000,80.000,True,1.140023538
20200820,162624,10.000,01.000,05.000,80.000,True,1.157246488
20200820,162639,10.000,01.000,05.000,80.000,True,1.179996895
20200820,162706,10.000,01.000,05.000,80.000,True,1.126315453
20200820,162722,10.000,01.000,05.000,80.000,True,0.877166234
20200820,162830,10.000,01.000,05.000,85.000,True,0.922029881
20200820,162845,10.000,01.000,05.000,85.000,True,1.005392016
20200820,162902,10.000,01.000,05.000,85.000,True,1.9250531
20200820,163120,10.000,01.000,05.000,85.000,True,1.291662627
20200820,163143,10.000,01.000,05.000,85.000,True,1.149533164
20200820,163225,10.000,01.000,05.000,90.000,True,1.255126395
20200820,163256,10.000,01.000,05.000,90.000,True,1.09685774
20200820,163314,10.000,01.000,05.000,90.000,True,1.38024099
20200820,163343,10.000,01.000,05.000,90.000,True,1.026200193
20200820,163358,10.000,01.000,05.000,90.000,True,1.178125892
20200821,163511,10.000,01.000,10.000,30.000,False,0.12861647
20200821,163558,10.000,01.000,10.000,30.000,False,0.278926996
20200821,163620,10.000,01.000,10.000,30.000,False,0.225151318
20200821,163638,10.000,01.000,10.000,30.000,False,0.391773612
20200821,163653,10.000,01.000,10.000,30.000,False,0.501937419
20200821,163727,10.000,01.000,10.000,35.000,False,0.169376037
20200821,163750,10.000,01.000,10.000,35.000,False,0.184301131
20200821,163808,10.000,01.000,10.000,35.000,False,0.192834149
20200821,163827,10.000,01.000,10.000,35.000,False,0.249865921
20200821,163851,10.000,01.000,10.000,35.000,False,0.251331879
20200821,163951,10.000,01.000,10.000,40.000,False,0.152734876
20200821,164007,10.000,01.000,10.000,40.000,False,0.174941338
20200821,164023,10.000,01.000,10.000,40.000,False,0.224414129
20200821,164039,10.000,01.000,10.000,40.000,False,0.199909532
20200821,164054,10.000,01.000,10.000,40.000,False,0.350290067
20200821,164119,10.000,01.000,10.000,45.000,False,0.038104238
20200821,164136,10.000,01.000,10.000,45.000,False,0.039535482
20200821,164152,10.000,01.000,10.000,45.000,False,0.106140989
20200821,164208,10.000,01.000,10.000,45.000,False,0.047502073
20200821,164223,10.000,01.000,10.000,45.000,False,0.146287393
20200821,164253,10.000,01.000,10.000,50.000,False,0.158129347
20200821,164322,10.000,01.000,10.000,50.000,False,0.166762051
20200821,164337,10.000,01.000,10.000,50.000,False,0.175081846
20200821,164352,10.000,01.000,10.000,50.000,False,0.210448797
20200821,164427,10.000,01.000,10.000,50.000,False,0.33238089
20200821,164524,10.000,01.000,10.000,55.000,False,0.259413126
20200821,164547,10.000,01.000,10.000,55.000,False,0.156427725
20200821,164603,10.000,01.000,10.000,55.000,False,0.271939562
20200821,164618,10.000,01.000,10.000,55.000,False,0.312244198
20200821,164634,10.000,01.000,10.000,55.000,False,0.074111212
20200821,164700,10.000,01.000,10.000,60.000,False,1.25302234
20200821,164716,10.000,01.000,10.000,60.000,False,1.179744402
20200821,164907,10.000,01.000,10.000,60.000,True,1.379864624
20200821,164923,10.000,01.000,10.000,60.000,False,1.388697719
20200821,164951,10.000,01.000,10.000,60.000,False,1.118832803
20200821,165011,10.000,01.000,10.000,65.000,True,1.420629181
20200821,165049,10.000,01.000,10.000,65.000,True,1.222677587
20200821,165158,10.000,01.000,10.000,65.000,True,1.70461791
20200821,165308,10.000,01.000,10.000,65.000,True,1.092624759
20200821,165323,10.000,01.000,10.000,65.000,True,1.222053207
20200821,165354,10.000,01.000,10.000,70.000,True,1.490437665
20200821,165410,10.000,01.000,10.000,70.000,True,1.20034129
20200821,165441,10.000,01.000,10.000,70.000,True,1.127384426
20200821,165500,10.000,01.000,10.000,70.000,True,1.544735212
20200821,165526,10.000,01.000,10.000,70.000,True,1.380339678
20200821,165559,10.000,01.000,10.000,75.000,True,1.278703591
20200821,165614,10.000,01.000,10.000,75.000,True,1.357778389
20200821,165658,10.000,01.000,10.000,75.000,True,1.219773293
20200821,165714,10.000,01.000,10.000,75.000,True,1.374467337
20200821,165744,10.000,01.000,10.000,75.000,True,1.213726259
20200821,165804,10.000,01.000,10.000,80.000,True,1.451527929
20200821,165839,10.000,01.000,10.000,80.000,True,1.234982714
20200821,165900,10.000,01.000,10.000,80.000,True,1.433228655
20200821,165927,10.000,01.000,10.000,80.000,True,1.192895371
20200821,165942,10.000,01.000,10.000,80.000,True,1.310856455
20200821,170022,10.000,01.000,10.000,85.000,True,1.38509776
20200821,170038,10.000,01.000,10.000,85.000,True,1.540380334
20200821,170115,10.000,01.000,10.000,85.000,True,1.260392137
20200821,170131,10.000,01.000,10.000,85.000,True,1.430634278
20200821,170216,10.000,01.000,10.000,85.000,True,1.206063661
20200821,170238,10.000,01.000,10.000,90.000,True,1.366012288
20200821,170306,10.000,01.000,10.000,90.000,True,1.312749236
20200821,170321,10.000,01.000,10.000,90.000,True,1.458887281
20200821,170350,10.000,01.000,10.000,90.000,True,1.357885609
20200821,170409,10.000,01.000,10.000,90.000,True,1.394704486
20200821,170439,10.000,01.000,15.000,30.000,False,0.168550341
20200821,170506,10.000,01.000,15.000,30.000,False,0.049365566
20200821,170521,10.000,01.000,15.000,30.000,False,0.043143042
20200821,170603,10.000,01.000,15.000,30.000,False,0.064836372
20200821,170630,10.000,01.000,15.000,30.000,False,0.184138682
20200821,170654,10.000,01.000,15.000,35.000,False,0.122841
20200821,170714,10.000,01.000,15.000,35.000,False,0.160541101
20200821,170802,10.000,01.000,15.000,35.000,False,0.27586998
20200821,170824,10.000,01.000,15.000,35.000,False,0.331908327
20200821,170850,10.000,01.000,15.000,35.000,False,0.193828229
20200821,170918,10.000,01.000,15.000,40.000,False,0.314428367
20200821,170953,10.000,01.000,15.000,40.000,False,0.052478077
20200821,171018,10.000,01.000,15.000,40.000,False,0.019784471
20200821,171048,10.000,01.000,15.000,40.000,False,0.023665709
20200821,171114,10.000,01.000,15.000,40.000,False,0.049317875
20200821,171239,10.000,01.000,15.000,45.000,False,0.018510481
20200821,171254,10.000,01.000,15.000,45.000,False,0.018699901
20200821,171313,10.000,01.000,15.000,45.000,False,0.053490654
20200821,171329,10.000,01.000,15.000,45.000,False,0.06988303
20200821,171346,10.000,01.000,15.000,45.000,False,0.048113223
20200821,171403,10.000,01.000,15.000,50.000,False,0.358781486
20200821,171438,10.000,01.000,15.000,50.000,False,0.336749829
20200821,171454,10.000,01.000,15.000,50.000,False,0.261249761
20200821,171527,10.000,01.000,15.000,50.000,False,0.117917321
20200821,171544,10.000,01.000,15.000,50.000,False,0.019343243
20200821,171609,10.000,01.000,15.000,55.000,False,0.058102285
20200821,171719,10.000,01.000,15.000,55.000,False,0.286627511
20200821,171738,10.000,01.000,15.000,55.000,False,0.102138552
20200821,171753,10.000,01.000,15.000,55.000,False,0.07662087
20200821,171819,10.000,01.000,15.000,55.000,False,0.432063814
20200821,171849,10.000,01.000,15.000,60.000,False,1.512032393
20200821,171921,10.000,01.000,15.000,60.000,False,1.211641803
20200821,172001,10.000,01.000,15.000,60.000,False,1.490486289
20200821,172057,10.000,01.000,15.000,60.000,False,1.158812413
20200821,172139,10.000,01.000,15.000,60.000,False,1.438059131
20200821,172240,10.000,01.000,15.000,65.000,True,1.263438551
20200821,172320,10.000,01.000,15.000,65.000,True,1.526797306
20200821,172417,10.000,01.000,15.000,65.000,True,1.243076824
20200821,172432,10.000,01.000,15.000,65.000,False,1.367008164
20200821,172514,10.000,01.000,15.000,65.000,True,1.228804363
20200821,172531,10.000,01.000,15.000,70.000,True,1.323741635
20200821,172615,10.000,01.000,15.000,70.000,True,1.387653063
20200821,172630,10.000,01.000,15.000,70.000,True,1.504720711
20200821,172655,10.000,01.000,15.000,70.000,True,1.455026887
20200821,172710,10.000,01.000,15.000,70.000,True,1.539853234
20200821,172738,10.000,01.000,15.000,75.000,True,1.508215581
20200821,172800,10.000,01.000,15.000,75.000,True,1.507641336
20200821,172815,10.000,01.000,15.000,75.000,True,1.549660826
20200821,172843,10.000,01.000,15.000,75.000,True,1.407166989
20200821,172858,10.000,01.000,15.000,75.000,True,1.626687313
20200821,172926,10.000,01.000,15.000,80.000,True,1.52221489
20200821,172941,10.000,01.000,15.000,80.000,True,1.488559219
20200821,173013,10.000,01.000,15.000,80.000,True,1.489131528
20200821,173028,10.000,01.000,15.000,80.000,True,1.572683584
20200821,173055,10.000,01.000,15.000,80.000,True,1.536434785
20200821,173110,10.000,01.000,15.000,85.000,True,1.538768372
20200821,173138,10.000,01.000,15.000,85.000,True,1.520099267
20200821,173153,10.000,01.000,15.000,85.000,True,1.559540245
20200821,173222,10.000,01.000,15.000,85.000,True,1.520745134
20200821,173237,10.000,01.000,15.000,85.000,True,1.515898855
20200821,173316,10.000,01.000,15.000,90.000,True,1.637954837
20200821,173332,10.000,01.000,15.000,90.000,True,1.596539707
20200821,173404,10.000,01.000,15.000,90.000,True,1.561956158
20200821,173419,10.000,01.000,15.000,90.000,True,1.598988795
20200821,173449,10.000,01.000,15.000,90.000,True,1.629134045
20200822,114306,10.000,01.000,20.000,30.000,False,0.047345929
20200822,114333,10.000,01.000,20.000,30.000,False,0.032128639
20200822,114357,10.000,01.000,20.000,30.000,False,0.049257852
20200822,114422,10.000,01.000,20.000,30.000,False,0.049402333
20200822,114437,10.000,01.000,20.000,30.000,False,0.054547686
20200822,114503,10.000,01.000,20.000,35.000,False,0.026800841
20200822,114518,10.000,01.000,20.000,35.000,False,0.024588717
20200822,114536,10.000,01.000,20.000,35.000,False,0.013902343
20200822,114552,10.000,01.000,20.000,35.000,False,0.013460163
20200822,114609,10.000,01.000,20.000,35.000,False,0.015846605
20200822,114626,10.000,01.000,20.000,40.000,False,0.014686132
20200822,114641,10.000,01.000,20.000,40.000,False,0.073609902
20200822,114659,10.000,01.000,20.000,40.000,False,0.056445254
20200822,114716,10.000,01.000,20.000,40.000,False,0.025117589
20200822,114731,10.000,01.000,20.000,40.000,False,0.03678557
20200822,115037,10.000,01.000,20.000,45.000,False,0.155206832
20200822,115054,10.000,01.000,20.000,45.000,False,0.169097526
20200822,115114,10.000,01.000,20.000,45.000,False,0.125367039
20200822,115130,10.000,01.000,20.000,45.000,False,0.137829678
20200822,115145,10.000,01.000,20.000,45.000,False,0.134968499
20200822,115219,10.000,01.000,20.000,50.000,False,0.521496233
20200822,115310,10.000,01.000,20.000,50.000,False,0.231728783
20200822,115325,10.000,01.000,20.000,50.000,False,0.434245447
20200822,115341,10.000,01.000,20.000,50.000,False,0.434184403
20200822,115513,10.000,01.000,20.000,50.000,False,0.257133563
20200822,115402,10.000,01.000,20.000,55.000,False,0.772237833
20200822,115439,10.000,01.000,20.000,55.000,False,0.226634307
20200822,115533,10.000,01.000,20.000,55.000,False,0.490632261
20200822,115548,10.000,01.000,20.000,55.000,False,1.012769824
20200822,115603,10.000,01.000,20.000,55.000,False,0.627635755
20200822,115817,10.000,01.000,20.000,60.000,False,1.404137102
20200822,115841,10.000,01.000,20.000,60.000,False,1.520630988
20200822,115926,10.000,01.000,20.000,60.000,False,1.543812254
20200822,115941,10.000,01.000,20.000,60.000,False,1.496500649
20200822,120022,10.000,01.000,20.000,60.000,False,1.352324438
20200822,120118,10.000,01.000,20.000,65.000,True,1.597144368
20200822,120133,10.000,01.000,20.000,65.000,False,1.575615818
20200822,120205,10.000,01.000,20.000,65.000,True,1.463223689
20200822,120220,10.000,01.000,20.000,65.000,True,1.549496014
20200822,120254,10.000,01.000,20.000,65.000,True,1.611774318
20200822,120321,10.000,01.000,20.000,70.000,True,1.549378257
20200822,120336,10.000,01.000,20.000,70.000,True,1.635510972
20200822,120406,10.000,01.000,20.000,70.000,True,1.524108919
20200822,120422,10.000,01.000,20.000,70.000,True,1.613676551
20200822,120455,10.000,01.000,20.000,70.000,True,1.616329231
20200822,120532,10.000,01.000,20.000,75.000,True,1.700459623
20200822,120547,10.000,01.000,20.000,75.000,True,1.70735973
20200822,120618,10.000,01.000,20.000,75.000,True,1.594771169
20200822,120634,10.000,01.000,20.000,75.000,True,1.630864204
20200822,120701,10.000,01.000,20.000,75.000,True,1.574992664
20200822,120728,10.000,01.000,20.000,80.000,True,1.724937318
20200822,120829,10.000,01.000,20.000,80.000,True,1.698128944
20200822,120900,10.000,01.000,20.000,80.000,True,1.671058265
20200822,120916,10.000,01.000,20.000,80.000,True,1.703051786
20200822,121050,10.000,01.000,20.000,80.000,True,1.747651729
20200822,121108,10.000,01.000,20.000,85.000,True,1.70558727
20200822,121140,10.000,01.000,20.000,85.000,True,1.75009938
20200822,121158,10.000,01.000,20.000,85.000,True,1.646716653
20200822,121229,10.000,01.000,20.000,85.000,True,1.647170485
20200822,121244,10.000,01.000,20.000,85.000,True,1.594739783
20200822,121316,10.000,01.000,20.000,90.000,True,1.773757434
20200822,121334,10.000,01.000,20.000,90.000,True,1.678480516
20200822,121408,10.000,01.000,20.000,90.000,True,1.737744555
20200822,121428,10.000,01.000,20.000,90.000,True,1.751199463
20200822,121459,10.000,01.000,20.000,90.000,True,1.742058149
20200822,121522,10.000,01.000,25.000,30.000,False,0.049512839
20200822,121539,10.000,01.000,25.000,30.000,False,0.04131757
20200822,121555,10.000,01.000,25.000,30.000,False,0.077180911
20200822,121627,10.000,01.000,25.000,30.000,False,0.107585002
20200822,121645,10.000,01.000,25.000,30.000,False,0.117860487
20200822,121702,10.000,01.000,25.000,35.000,False,0.234614702
20200822,121717,10.000,01.000,25.000,35.000,False,0.176693925
20200822,121732,10.000,01.000,25.000,35.000,False,0.204333542
20200822,121750,10.000,01.000,25.000,35.000,False,0.236602626
20200822,121819,10.000,01.000,25.000,35.000,False,0.206595173
20200822,121841,10.000,01.000,25.000,40.000,False,0.249323569
20200822,122300,10.000,01.000,25.000,40.000,False,0.291447179
20200822,122316,10.000,01.000,25.000,40.000,False,0.298394933
20200822,122331,10.000,01.000,25.000,40.000,False,0.283241015
20200822,122347,10.000,01.000,25.000,40.000,False,0.135106828
20200822,122557,10.000,01.000,25.000,45.000,False,0.264173034
20200822,122612,10.000,01.000,25.000,45.000,False,0.228921533
20200822,122629,10.000,01.000,25.000,45.000,False,0.29578968
20200822,122659,10.000,01.000,25.000,45.000,False,0.25526274
20200822,122715,10.000,01.000,25.000,45.000,False,0.292002447
20200822,122810,10.000,01.000,25.000,50.000,False,0.485809221
20200822,122825,10.000,01.000,25.000,50.000,False,0.496756377
20200822,122840,10.000,01.000,25.000,50.000,False,0.493972599
20200822,122929,10.000,01.000,25.000,50.000,False,0.376210839
20200822,122945,10.000,01.000,25.000,50.000,False,0.510082003
20200822,123005,10.000,01.000,25.000,55.000,False,1.163002295
20200822,123055,10.000,01.000,25.000,55.000,False,0.273355681
20200822,123112,10.000,01.000,25.000,55.000,False,0.414702396
20200822,123129,10.000,01.000,25.000,55.000,False,0.730766614
20200822,123146,10.000,01.000,25.000,55.000,False,1.234896525
20200822,123219,10.000,01.000,25.000,60.000,False,1.528167387
20200822,123237,10.000,01.000,25.000,60.000,True,1.479915502
20200822,123328,10.000,01.000,25.000,60.000,False,1.582255376
20200822,123344,10.000,01.000,25.000,60.000,True,1.646766765
20200822,123417,10.000,01.000,25.000,60.000,False,1.509665029
20200822,123435,10.000,01.000,25.000,65.000,True,1.620231434
20200822,123507,10.000,01.000,25.000,65.000,True,1.66631029
20200822,123522,10.000,01.000,25.000,65.000,True,1.708199884
20200822,123608,10.000,01.000,25.000,65.000,True,1.565741917
20200822,123623,10.000,01.000,25.000,65.000,True,1.713632377
20200822,123807,10.000,01.000,25.000,70.000,True,1.806231377
20200822,123842,10.000,01.000,25.000,70.000,True,1.732366835
20200822,123858,10.000,01.000,25.000,70.000,True,1.731946226
20200822,123934,10.000,01.000,25.000,70.000,True,1.580065453
20200822,123952,10.000,01.000,25.000,70.000,True,1.682273202
20200822,124025,10.000,01.000,25.000,75.000,True,1.640673492
20200822,124041,10.000,01.000,25.000,75.000,True,1.721330576
20200822,124115,10.000,01.000,25.000,75.000,True,1.616885066
20200822,124132,10.000,01.000,25.000,75.000,True,1.652390581
20200822,124201,10.000,01.000,25.000,75.000,True,1.697800551
20200822,124218,10.000,01.000,25.000,80.000,True,1.746878298
20200822,124250,10.000,01.000,25.000,80.000,True,1.626670499
20200822,124306,10.000,01.000,25.000,80.000,True,1.710139965
20200822,124341,10.000,01.000,25.000,80.000,True,1.689927122
20200822,124356,10.000,01.000,25.000,80.000,True,1.702323424
20200822,125404,10.000,01.000,25.000,85.000,True,1.810503785
20200822,125519,10.000,01.000,25.000,85.000,True,1.728025243
20200822,125534,10.000,01.000,25.000,85.000,True,1.786465332
20200822,125605,10.000,01.000,25.000,85.000,True,1.692374649
20200822,125620,10.000,01.000,25.000,85.000,True,1.758457543
20200822,125652,10.000,01.000,25.000,90.000,True,1.697109112
20200822,125710,10.000,01.000,25.000,90.000,True,1.7275918
20200822,125809,10.000,01.000,25.000,90.000,True,1.77152589
20200822,125845,10.000,01.000,25.000,90.000,True,1.751823301
20200822,125900,10.000,01.000,25.000,90.000,True,1.851492998
20200822,125930,10.000,01.000,30.000,35.000,False,0.210224049
20200822,125946,10.000,01.000,30.000,35.000,False,0.157990809
20200822,130001,10.000,01.000,30.000,35.000,False,0.137035881
20200822,130042,10.000,01.000,30.000,35.000,False,0.178441748
20200822,130057,10.000,01.000,30.000,35.000,False,0.173369169
20200822,130114,10.000,01.000,30.000,40.000,False,0.221486628
20200822,130134,10.000,01.000,30.000,40.000,False,0.207890532
20200822,130152,10.000,01.000,30.000,40.000,False,0.219256919
20200822,130210,10.000,01.000,30.000,40.000,False,0.21140827
20200822,130226,10.000,01.000,30.000,40.000,False,0.231793053
20200822,130325,10.000,01.000,30.000,45.000,False,0.198465926
20200822,130352,10.000,01.000,30.000,45.000,False,0.213199147
20200822,130424,10.000,01.000,30.000,45.000,False,0.21165381
20200822,130544,10.000,01.000,30.000,45.000,False,0.294475348
20200822,130602,10.000,01.000,30.000,45.000,False,0.292172006
20200822,130635,10.000,01.000,30.000,50.000,False,0.523036899
20200822,130651,10.000,01.000,30.000,50.000,False,0.545308853
20200822,130707,10.000,01.000,30.000,50.000,False,0.558544248
20200822,130722,10.000,01.000,30.000,50.000,False,0.560438761
20200822,130829,10.000,01.000,30.000,50.000,False,0.506787118
20200822,130847,10.000,01.000,30.000,55.000,False,0.569738201
20200822,130905,10.000,01.000,30.000,55.000,False,1.389784308
20200822,130920,10.000,01.000,30.000,55.000,False,1.121734566
20200822,130953,10.000,01.000,30.000,55.000,False,0.418560278
20200822,131009,10.000,01.000,30.000,55.000,False,0.902270271
20200822,131028,10.000,01.000,30.000,60.000,True,1.644926399
20200822,131106,10.000,01.000,30.000,60.000,False,1.623339205
20200822,131123,10.000,01.000,30.000,60.000,False,1.65365781
20200822,131218,10.000,01.000,30.000,60.000,False,1.476244825
20200822,131234,10.000,01.000,30.000,60.000,True,1.568765199
20200822,131325,10.000,01.000,30.000,65.000,True,1.652468276
20200822,131355,10.000,01.000,30.000,65.000,False,1.724418543
20200822,131436,10.000,01.000,30.000,65.000,True,1.629648693
20200822,141305,10.000,01.000,30.000,65.000,True,1.799747611
20200822,141406,10.000,01.000,30.000,65.000,True,1.69203463
20200822,141457,10.000,01.000,30.000,70.000,True,1.731519656
20200822,141513,10.000,01.000,30.000,70.000,True,1.797139848
20200822,141543,10.000,01.000,30.000,70.000,True,1.731865651
20200822,141558,10.000,01.000,30.000,70.000,True,1.78663253
20200822,141642,10.000,01.000,30.000,70.000,True,1.76376701
20200822,141659,10.000,01.000,30.000,75.000,True,1.788981675
20200822,141731,10.000,01.000,30.000,75.000,True,1.771232872
20200822,141815,10.000,01.000,30.000,75.000,True,1.842862493
20200822,141908,10.000,01.000,30.000,75.000,True,1.777074532
20200822,141926,10.000,01.000,30.000,75.000,True,1.770984389
20200822,142037,10.000,01.000,30.000,80.000,True,1.729413386
20200822,142106,10.000,01.000,30.000,80.000,True,1.775895622
20200822,142138,10.000,01.000,30.000,80.000,True,1.77496135
20200822,142246,10.000,01.000,30.000,80.000,True,1.767904096
20200822,142256,10.000,01.000,30.000,80.000,True,1.729821239
20200822,142517,10.000,01.000,30.000,85.000,True,1.830645689
20200822,142613,10.000,01.000,30.000,85.000,True,1.881274646
20200822,142635,10.000,01.000,30.000,85.000,True,1.967374108
20200822,142701,10.000,01.000,30.000,85.000,True,1.724410238
20200822,142732,10.000,01.000,30.000,85.000,True,1.757313873
20200822,142804,10.000,01.000,30.000,90.000,True,1.704150199
20200822,142826,10.000,01.000,30.000,90.000,True,1.707349786
20200822,142906,10.000,01.000,30.000,90.000,True,1.692665361
20200822,142953,10.000,01.000,30.000,90.000,True,1.668949922
20200822,143021,10.000,01.000,30.000,90.000,True,1.684844363
20200822,143048,10.000,01.000,35.000,40.000,False,0.147915138
20200822,143106,10.000,01.000,35.000,40.000,False,0.180659974
20200822,143122,10.000,01.000,35.000,40.000,False,0.181317202
20200822,143138,10.000,01.000,35.000,40.000,False,0.197944797
20200822,143155,10.000,01.000,35.000,40.000,False,0.207538603
20200822,143212,10.000,01.000,35.000,45.000,False,0.266232771
20200822,143239,10.000,01.000,35.000,45.000,False,0.260277569
20200822,143256,10.000,01.000,35.000,45.000,False,0.270855844
20200822,143312,10.000,01.000,35.000,45.000,False,0.266148957
20200822,143349,10.000,01.000,35.000,45.000,False,0.249651792
20200822,143409,10.000,01.000,35.000,50.000,False,0.396777608
20200822,143425,10.000,01.000,35.000,50.000,False,0.392231597
20200822,143442,10.000,01.000,35.000,50.000,False,0.377941938
20200822,143521,10.000,01.000,35.000,50.000,False,0.292493026
20200822,143538,10.000,01.000,35.000,50.000,False,0.34081784
20200822,143559,10.000,01.000,35.000,55.000,False,1.209314037
20200822,143652,10.000,01.000,35.000,55.000,False,0.341589867
20200822,143708,10.000,01.000,35.000,55.000,False,0.445909535
20200822,143723,10.000,01.000,35.000,55.000,False,1.153314507
20200822,143738,10.000,01.000,35.000,55.000,False,1.291964474
20200822,143821,10.000,01.000,35.000,60.000,False,1.325978024
20200822,143839,10.000,01.000,35.000,60.000,True,1.581366044
20200822,143925,10.000,01.000,35.000,60.000,False,0.501568161
20200822,143942,10.000,01.000,35.000,60.000,False,1.538055913
20200822,143958,10.000,01.000,35.000,60.000,True,1.591108975
20200822,144028,10.000,01.000,35.000,65.000,True,1.53452566
20200822,144045,10.000,01.000,35.000,65.000,True,1.618171241
20200822,144139,10.000,01.000,35.000,65.000,False,1.380089071
20200822,144155,10.000,01.000,35.000,65.000,True,1.608835994
20200822,144220,10.000,01.000,35.000,65.000,True,1.59372719
20200822,144300,10.000,01.000,35.000,70.000,True,1.610118232
20200822,144321,10.000,01.000,35.000,70.000,True,1.639726771
20200822,144405,10.000,01.000,35.000,70.000,True,1.580674885
20200822,144429,10.000,01.000,35.000,70.000,True,1.651434123
20200822,144508,10.000,01.000,35.000,70.000,True,1.575760941
20200822,144542,10.000,01.000,35.000,75.000,True,1.697702069
20200822,144617,10.000,01.000,35.000,75.000,True,1.628983173
20200822,144633,10.000,01.000,35.000,75.000,True,1.679954659
20200822,144801,10.000,01.000,35.000,75.000,True,1.683007695
20200822,144820,10.000,01.000,35.000,75.000,True,1.735782656
20200822,145017,10.000,01.000,35.000,80.000,True,1.695467977
20200822,145101,10.000,01.000,35.000,80.000,True,1.714024649
20200822,145132,10.000,01.000,35.000,80.000,True,1.712767503
20200822,145149,10.000,01.000,35.000,80.000,True,1.665719298
20200822,145222,10.000,01.000,35.000,80.000,True,1.666768383
20200822,145244,10.000,01.000,35.000,85.000,True,1.67115196
20200822,145310,10.000,01.000,35.000,85.000,True,1.721738278
20200822,145342,10.000,01.000,35.000,85.000,True,1.670975698
20200822,145357,10.000,01.000,35.000,85.000,True,1.674852808
20200822,145427,10.000,01.000,35.000,85.000,True,1.656615879
20200822,145449,10.000,01.000,35.000,90.000,True,1.694668033
20200822,145532,10.000,01.000,35.000,90.000,True,1.65552638
20200822,145547,10.000,01.000,35.000,90.000,True,1.723321081
20200822,145615,10.000,01.000,35.000,90.000,True,1.683543381
20200822,145631,10.000,01.000,35.000,90.000,True,1.850929859
20200822,145804,10.000,01.000,40.000,45.000,False,0.288431419
20200822,145819,10.000,01.000,40.000,45.000,False,0.297419297
20200822,145838,10.000,01.000,40.000,45.000,False,0.319117837
20200822,145857,10.000,01.000,40.000,45.000,False,0.326413242
20200822,145931,10.000,01.000,40.000,45.000,False,0.183605435
20200822,145947,10.000,01.000,40.000,50.000,False,0.396032556
20200822,150008,10.000,01.000,40.000,50.000,False,0.435890115
20200822,150029,10.000,01.000,40.000,50.000,False,0.515566404
20200822,150044,10.000,01.000,40.000,50.000,False,0.559171151
20200822,150059,10.000,01.000,40.000,50.000,False,0.596159686
20200822,150136,10.000,01.000,40.000,55.000,False,0.398520566
20200822,150152,10.000,01.000,40.000,55.000,False,0.984647541
20200822,150209,10.000,01.000,40.000,55.000,False,1.442937744
20200822,150224,10.000,01.000,40.000,55.000,False,0.834406781
20200822,150314,10.000,01.000,40.000,55.000,False,0.431059737
20200822,150348,10.000,01.000,40.000,60.000,False,1.596608238
20200822,150404,10.000,01.000,40.000,60.000,True,1.631795251
20200822,150442,10.000,01.000,40.000,60.000,False,1.504025388
20200822,150459,10.000,01.000,40.000,60.000,True,1.629229712
20200822,150459,10.000,01.000,40.000,60.000,False,1.624191947
20200822,150532,10.000,01.000,40.000,65.000,True,1.61568385
20200822,150552,10.000,01.000,40.000,65.000,True,1.676899655
20200822,150630,10.000,01.000,40.000,65.000,False,1.571526832
20200822,150646,10.000,01.000,40.000,65.000,True,1.609313816
20200822,150718,10.000,01.000,40.000,65.000,True,1.644056759
20200822,150734,10.000,01.000,40.000,70.000,True,1.633594675
20200822,150819,10.000,01.000,40.000,70.000,True,1.63004511
20200822,150834,10.000,01.000,40.000,70.000,True,1.617517736
20200822,150906,10.000,01.000,40.000,70.000,True,1.597138554
20200822,150921,10.000,01.000,40.000,70.000,True,1.6380608
20200822,150955,10.000,01.000,40.000,75.000,True,1.656595791
20200822,151011,10.000,01.000,40.000,75.000,True,1.693275075
20200822,151044,10.000,01.000,40.000,75.000,True,1.593394421
20200822,151059,10.000,01.000,40.000,75.000,True,1.668482544
20200822,151131,10.000,01.000,40.000,75.000,True,1.649345272
20200822,151148,10.000,01.000,40.000,80.000,True,1.634758097
20200822,151220,10.000,01.000,40.000,80.000,True,1.671485247
20200822,151238,10.000,01.000,40.000,80.000,True,1.638465886
20200822,151312,10.000,01.000,40.000,80.000,True,1.640778227
20200822,151328,10.000,01.000,40.000,80.000,True,1.681676578
20200822,151402,10.000,01.000,40.000,85.000,True,1.688156484
20200822,151419,10.000,01.000,40.000,85.000,True,1.654184063
20200822,151456,10.000,01.000,40.000,85.000,True,1.678730929
20200822,151512,10.000,01.000,40.000,85.000,True,1.661286187
20200822,151541,10.000,01.000,40.000,85.000,True,1.681465808
20200822,151559,10.000,01.000,40.000,90.000,True,1.662206618
20200822,151710,10.000,01.000,40.000,90.000,True,1.705394042
20200822,151725,10.000,01.000,40.000,90.000,True,1.721681333
20200822,151835,10.000,01.000,40.000,90.000,True,1.702390977
20200822,151850,10.000,01.000,40.000,90.000,True,1.70386242
20200822,151922,10.000,01.000,45.000,50.000,False,0.390836928
20200822,151938,10.000,01.000,45.000,50.000,False,0.445406119
20200822,152003,10.000,01.000,45.000,50.000,False,0.476445103
20200822,152021,10.000,01.000,45.000,50.000,False,0.556243779
20200822,152041,10.000,01.000,45.000,50.000,False,0.566555769
20200822,152133,10.000,01.000,45.000,55.000,False,0.480211551
20200822,152154,10.000,01.000,45.000,55.000,False,0.969193796
20200822,152209,10.000,01.000,45.000,55.000,False,1.558446931
20200822,152242,10.000,01.000,45.000,55.000,False,0.370213159
20200822,152303,10.000,01.000,45.000,55.000,False,0.616452274
20200822,152343,10.000,01.000,45.000,60.000,False,1.503683986
20200822,152400,10.000,01.000,45.000,60.000,True,1.603183353
20200822,152530,10.000,01.000,45.000,60.000,False,1.549534559
20200822,152613,10.000,01.000,45.000,60.000,True,1.628137588
20200909,112803,10.000,01.000,45.000,60.000,True,2.054518301
20200822,152705,10.000,01.000,45.000,65.000,True,1.56305517
20200822,152722,10.000,01.000,45.000,65.000,True,1.502467663
20200822,152755,10.000,01.000,45.000,65.000,True,1.659284909
20200822,152811,10.000,01.000,45.000,65.000,True,1.572408447
20200822,152847,10.000,01.000,45.000,65.000,True,1.569738625
20200822,152906,10.000,01.000,45.000,70.000,True,1.562955733
20200822,152939,10.000,01.000,45.000,70.000,True,1.574238565
20200822,152956,10.000,01.000,45.000,70.000,True,1.573988683
20200822,153027,10.000,01.000,45.000,70.000,True,1.573390512
20200822,153043,10.000,01.000,45.000,70.000,True,1.540012986
20200822,153119,10.000,01.000,45.000,75.000,True,1.644449813
20200822,153138,10.000,01.000,45.000,75.000,True,1.666510053
20200822,153209,10.000,01.000,45.000,75.000,True,1.679407284
20200822,153230,10.000,01.000,45.000,75.000,True,1.681798675
20200822,153302,10.000,01.000,45.000,75.000,True,1.665751778
20200822,153319,10.000,01.000,45.000,80.000,True,1.653797937
20200822,153350,10.000,01.000,45.000,80.000,True,1.671429958
20200822,153408,10.000,01.000,45.000,80.000,True,1.648231426
20200822,153442,10.000,01.000,45.000,80.000,True,1.669621041
20200822,153459,10.000,01.000,45.000,80.000,True,1.672841262
20200822,153609,10.000,01.000,45.000,85.000,True,1.701643271
20200822,153712,10.000,01.000,45.000,85.000,True,1.664669405
20200822,153727,10.000,01.000,45.000,85.000,True,1.680064579
20200822,153756,10.000,01.000,45.000,85.000,True,1.677722943
20200822,153822,10.000,01.000,45.000,85.000,True,1.686743164
20200822,153850,10.000,01.000,45.000,90.000,True,1.698804867
20200822,153927,10.000,01.000,45.000,90.000,True,1.683929876
20200822,153950,10.000,01.000,45.000,90.000,True,1.657064785
20200822,154013,10.000,01.000,45.000,90.000,True,1.6551177
20200822,154038,10.000,01.000,45.000,90.000,True,1.681477545
20200822,154056,10.000,01.000,50.000,55.000,False,1.187810768
20200822,154128,10.000,01.000,50.000,55.000,False,0.418060533
20200822,154145,10.000,01.000,50.000,55.000,False,0.88050094
20200822,154200,10.000,01.000,50.000,55.000,False,1.433515077
20200822,154227,10.000,01.000,50.000,55.000,False,0.647220766
20200822,154245,10.000,01.000,50.000,60.000,True,1.534774953
20200822,154329,10.000,01.000,50.000,60.000,False,1.481042845
20200822,154345,10.000,01.000,50.000,60.000,True,1.529596359
20200822,154427,10.000,01.000,50.000,60.000,False,1.549068452
20200822,154442,10.000,01.000,50.000,60.000,True,1.526840489
20200822,154522,10.000,01.000,50.000,65.000,True,1.604090027
20200822,154537,10.000,01.000,50.000,65.000,True,1.556674326
20200822,154617,10.000,01.000,50.000,65.000,True,1.606805402
20200822,154632,10.000,01.000,50.000,65.000,False,1.577079567
20200822,154702,10.000,01.000,50.000,65.000,True,1.60645666
20200822,154719,10.000,01.000,50.000,70.000,False,1.55862986
20200822,154754,10.000,01.000,50.000,70.000,False,1.615408238
20200822,154817,10.000,01.000,50.000,70.000,True,1.577411556
20200822,154854,10.000,01.000,50.000,70.000,False,1.568903422
20200822,154909,10.000,01.000,50.000,70.000,False,1.57222405
20200822,155022,10.000,01.000,50.000,75.000,True,1.642062473
20200822,155040,10.000,01.000,50.000,75.000,False,1.636078682
20200822,155115,10.000,01.000,50.000,75.000,True,1.651507653
20200822,155142,10.000,01.000,50.000,75.000,True,1.636538027
20200822,155211,10.000,01.000,50.000,75.000,True,1.641383978
20200822,155300,10.000,01.000,50.000,80.000,True,1.659225731
20200822,155316,10.000,01.000,50.000,80.000,False,1.639457194
20200822,155349,10.000,01.000,50.000,80.000,False,1.658379152
20200822,155404,10.000,01.000,50.000,80.000,False,1.631091778
20200822,155433,10.000,01.000,50.000,80.000,True,1.632548301
20200822,155450,10.000,01.000,50.000,85.000,False,1.645559199
20200822,155522,10.000,01.000,50.000,85.000,True,1.674370869
20200822,155537,10.000,01.000,50.000,85.000,True,1.591846496
20200822,155606,10.000,01.000,50.000,85.000,True,1.638032268
20200822,155622,10.000,01.000,50.000,85.000,True,1.570977614
20200822,155720,10.000,01.000,50.000,90.000,True,1.680351689
20200822,155736,10.000,01.000,50.000,90.000,True,1.622317928
20200822,155808,10.000,01.000,50.000,90.000,True,1.648788553
20200822,155828,10.000,01.000,50.000,90.000,False,1.617591631
20200822,155857,10.000,01.000,50.000,90.000,True,1.653204524
20200822,155915,10.000,01.000,55.000,60.000,False,0.725062063
20200822,155930,10.000,01.000,55.000,60.000,False,0.98834175
20200822,160002,10.000,01.000,55.000,60.000,False,1.391950932
20200822,160017,10.000,01.000,55.000,60.000,False,0.820545858
20200822,160033,10.000,01.000,55.000,60.000,False,0.954627314
20200822,160102,10.000,01.000,55.000,65.000,False,1.34633507
20200822,160122,10.000,01.000,55.000,65.000,False,0.926827331
20200822,160140,10.000,01.000,55.000,65.000,False,1.237832962
20200822,160212,10.000,01.000,55.000,65.000,False,1.419359093
20200822,160227,10.000,01.000,55.000,65.000,False,0.932832886
20200822,160349,10.000,01.000,55.000,70.000,False,1.404411443
20200822,160406,10.000,01.000,55.000,70.000,False,0.918631739
20200822,160421,10.000,01.000,55.000,70.000,False,1.305358169
20200822,160450,10.000,01.000,55.000,70.000,False,1.458281578
20200822,160506,10.000,01.000,55.000,70.000,False,0.419281416
20200822,160534,10.000,01.000,55.000,75.000,False,1.480800682
20200822,160549,10.000,01.000,55.000,75.000,False,1.002288912
20200822,160642,10.000,01.000,55.000,75.000,False,1.443104577
20200822,160657,10.000,01.000,55.000,75.000,False,0.84535397
20200822,160713,10.000,01.000,55.000,75.000,False,1.175160978
20200822,160748,10.000,01.000,55.000,80.000,False,1.454295751
20200822,160805,10.000,01.000,55.000,80.000,False,0.799853738
20200822,160836,10.000,01.000,55.000,80.000,False,1.157734984
20200909,112929,10.000,01.000,55.000,80.000,False,0.476442969
20200909,112945,10.000,01.000,55.000,80.000,False,0.046006667
20200909,113004,10.000,01.000,55.000,85.000,False,0.025269726
20200909,113022,10.000,01.000,55.000,85.000,False,0.029120065
20200909,113040,10.000,01.000,55.000,85.000,False,0.136763308
20200909,113057,10.000,01.000,55.000,85.000,False,0.030701897
20200909,113114,10.000,01.000,55.000,85.000,False,0.036585271
20200909,113131,10.000,01.000,55.000,90.000,False,0.080933534
20200909,113146,10.000,01.000,55.000,90.000,False,0.017372865
20200909,113202,10.000,01.000,55.000,90.000,False,0.014077687
20200909,113217,10.000,01.000,55.000,90.000,False,0.014369997
20200909,113240,10.000,01.000,55.000,90.000,False,0.012850222
20200909,113308,10.000,01.000,60.000,65.000,False,0.010772098
20200909,113323,10.000,01.000,60.000,65.000,False,0.002753871
20200909,113353,10.000,01.000,60.000,65.000,False,0.074041356
20200909,113413,10.000,01.000,60.000,65.000,False,0.011438101
20200909,113429,10.000,01.000,60.000,65.000,False,0.017255374
20200909,113446,10.000,01.000,60.000,70.000,False,0.004165439
20200909,113511,10.000,01.000,60.000,70.000,False,0.010941448
20200909,113526,10.000,01.000,60.000,70.000,False,0.004660348
20200909,113542,10.000,01.000,60.000,70.000,False,0.005499835
20200909,113558,10.000,01.000,60.000,70.000,False,0.009424407
20200909,113614,10.000,01.000,60.000,75.000,False,0.012833818
20200909,113633,10.000,01.000,60.000,75.000,False,0.007280374
20200909,113657,10.000,01.000,60.000,75.000,False,0.01984123
20200909,113713,10.000,01.000,60.000,75.000,False,0.004911798
20200909,113730,10.000,01.000,60.000,75.000,False,0.01766138
20200909,113750,10.000,01.000,60.000,80.000,False,0.028090006
20200909,113806,10.000,01.000,60.000,80.000,False,0.033608247
20200909,113821,10.000,01.000,60.000,80.000,False,0.024148441
20200909,113844,10.000,01.000,60.000,80.000,False,0.02249495
20200909,113906,10.000,01.000,60.000,80.000,False,0.023883219
20200909,113923,10.000,01.000,60.000,85.000,False,0.028840915
20200909,114009,10.000,01.000,60.000,85.000,False,0.026213055
20200909,114047,10.000,01.000,60.000,85.000,False,0.02417179
20200909,114121,10.000,01.000,60.000,85.000,False,0.022392335
20200909,114137,10.000,01.000,60.000,85.000,False,0.024428215
20200909,114230,10.000,01.000,60.000,90.000,False,0.02751927
20200909,114323,10.000,01.000,60.000,90.000,False,0.023751766
20200909,114341,10.000,01.000,60.000,90.000,False,0.020702692
20200909,114357,10.000,01.000,60.000,90.000,False,0.032466805
20200909,114414,10.000,01.000,60.000,90.000,False,0.027101535
20200909,114458,10.000,01.000,65.000,70.000,False,0.00569593
20200909,114519,10.000,01.000,65.000,70.000,False,0.004440205
20200909,114551,10.000,01.000,65.000,70.000,False,0.011196902
20200909,114611,10.000,01.000,65.000,70.000,False,0.004572125
20200909,114628,10.000,01.000,65.000,70.000,False,0.009757659
20200909,114645,10.000,01.000,65.000,75.000,False,0.011947365
20200909,114701,10.000,01.000,65.000,75.000,False,0.006134773
20200909,114717,10.000,01.000,65.000,75.000,False,0.002025527
20200909,114750,10.000,01.000,65.000,75.000,False,0.023859851
20200909,114805,10.000,01.000,65.000,75.000,False,0.005277796
20200909,114822,10.000,01.000,65.000,80.000,False,0.013100445
20200909,114852,10.000,01.000,65.000,80.000,False,0.014296889
20200909,114908,10.000,01.000,65.000,80.000,False,0.011113023
20200909,114924,10.000,01.000,65.000,80.000,False,0.010990238
20200909,114937,10.000,01.000,65.000,80.000,False,0.010596899
20200822,162930,10.000,01.000,65.000,85.000,False,0.014994909
20200822,162946,10.000,01.000,65.000,85.000,False,0.016158221
20200822,163002,10.000,01.000,65.000,85.000,False,0.013691694
20200822,163020,10.000,01.000,65.000,85.000,False,0.01276561
20200822,163039,10.000,01.000,65.000,85.000,False,0.013843316
20200822,163058,10.000,01.000,65.000,90.000,False,0.015866257
20200822,163117,10.000,01.000,65.000,90.000,False,0.015574953
20200822,163136,10.000,01.000,65.000,90.000,False,0.010420133
20200822,163211,10.000,01.000,65.000,90.000,False,0.019612976
20200822,163307,10.000,01.000,65.000,90.000,False,0.054721948
20200822,163334,10.000,01.000,70.000,75.000,False,0.022781289
20200822,163429,10.000,01.000,70.000,75.000,False,0.018244733
20200822,163558,10.000,01.000,70.000,75.000,False,0.025026107
20200822,163624,10.000,01.000,70.000,75.000,False,0.010607472
20200822,163651,10.000,01.000,70.000,75.000,False,0.010597127
20200822,163750,10.000,01.000,70.000,80.000,False,0.004846984
20200822,163815,10.000,01.000,70.000,80.000,False,0.007360648
20200822,163849,10.000,01.000,70.000,80.000,False,0.005665793
20200822,163908,10.000,01.000,70.000,80.000,False,0.006257534
20200822,163927,10.000,01.000,70.000,80.000,False,0.001734088
20200822,163948,10.000,01.000,70.000,85.000,False,0.005348405
20200822,164020,10.000,01.000,70.000,85.000,False,0.005889279
20200822,164049,10.000,01.000,70.000,85.000,False,0.006454049
20200822,164153,10.000,01.000,70.000,85.000,False,0.008082572
20200822,164216,10.000,01.000,70.000,85.000,False,0.007163394
20200822,164240,10.000,01.000,70.000,90.000,False,0.005683023
20200822,164324,10.000,01.000,70.000,90.000,False,0.006286275
20200822,164349,10.000,01.000,70.000,90.000,False,0.004589468
20200822,164431,10.000,01.000,70.000,90.000,False,0.007228251
20200822,164505,10.000,01.000,70.000,90.000,False,0.004642356