# testDate, testTime, B[mT], f[Hz], alpha1[Deg], alpha2[Deg], isWalking, displacement[mm/step]
20200822,165816,10.000,01.000,00.000,30.000,False,0.501819882
20200822,165845,10.000,01.000,00.000,30.000,False,0.046861241
20200822,165900,10.000,01.000,00.000,30.000,False,0.254289063
20200822,165915,10.000,01.000,00.000,30.000,False,0.471237436
20200822,165931,10.000,01.000,00.000,30.000,False,0.532541154
20200822,165952,10.000,01.000,00.000,35.000,False,0.495205196
20200822,170008,10.000,01.000,00.000,35.000,False,0.303371898
20200822,170028,10.000,01.000,00.000,35.000,False,0.736989776
20200822,170047,10.000,01.000,00.000,35.000,False,0.049774591
20200822,170103,10.000,01.000,00.000,35.000,False,0.293495961
20200822,170119,10.000,01.000,00.000,40.000,False,0.230064897
20200822,170135,10.000,01.000,00.000,40.000,False,0.615363859
20200822,170154,10.000,01.000,00.000,40.000,False,0.062297806
20200822,170216,10.000,01.000,00.000,40.000,False,0.043513469
20200822,170231,10.000,01.000,00.000,40.000,False,0.644239615
20200822,170247,10.000,01.000,00.000,45.000,False,0.279189121
20200822,170302,10.000,01.000,00.000,45.000,False,1.245084483
20200822,170328,10.000,01.000,00.000,45.000,False,0.040722699
20200822,170343,10.000,01.000,00.000,45.000,False,0.058044349
20200822,170358,10.000,01.000,00.000,45.000,False,0.031857258
20200822,170414,10.000,01.000,00.000,50.000,False,0.081751917
20200822,170431,10.000,01.000,00.000,50.000,False,0.008361722
20200822,170446,10.000,01.000,00.000,50.000,False,0.564558983
20200822,170501,10.000,01.000,00.000,50.000,False,0.347811009
20200822,170516,10.000,01.000,00.000,50.000,False,0.627403298
20200822,170541,10.000,01.000,00.000,55.000,False,1.534759273
20200822,170606,10.000,01.000,00.000,55.000,False,0.376976013
20200822,170624,10.000,01.000,00.000,55.000,False,0.052044943
20200822,170639,10.000,01.000,00.000,55.000,False,0.261443599
20200822,170655,10.000,01.000,00.000,55.000,False,0.835931348
20200822,170711,10.000,01.000,00.000,60.000,False,1.794031962
20200822,170741,10.000,01.000,00.000,60.000,False,0.74121069
20200822,170756,10.000,01.000,00.000,60.000,False,1.922479562
20200822,170824,10.000,01.000,00.000,60.000,False,1.131304343
20200822,170839,10.000,01.000,00.000,60.000,False,2.18330549
20200822,170909,10.000,01.000,00.000,65.000,True,1.825822433
20200822,170935,10.000,01.000,00.000,65.000,False,1.93892771
20200822,171003,10.000,01.000,00.000,65.000,False,1.949451339
20200822,171027,10.000,01.000,00.000,65.000,False,1.120514155
20200822,171044,10.000,01.000,00.000,65.000,True,2.625517174
20200824,082840,10.000,01.000,00.000,70.000,True,2.445561622
20200824,082906,10.000,01.000,00.000,70.000,True,1.398444244
20200824,082932,10.000,01.000,00.000,70.000,True,2.587137418
20200824,083013,10.000,01.000,00.000,70.000,True,2.424549498
20200824,083103,10.000,01.000,00.000,70.000,True,1.613386822
20200824,083126,10.000,01.000,00.000,75.000,True,2.025971269
20200824,083201,10.000,01.000,00.000,75.000,True,2.108868458
20200824,083237,10.000,01.000,00.000,75.000,True,2.11970598
20200824,083302,10.000,01.000,00.000,75.000,True,2.284719706
20200824,083333,10.000,01.000,00.000,75.000,True,2.273887585
20200824,083356,10.000,01.000,00.000,80.000,True,2.539004477
20200824,083436,10.000,01.000,00.000,80.000,True,2.328363724
20200824,083505,10.000,01.000,00.000,80.000,True,2.208791045
20200824,083533,10.000,01.000,00.000,80.000,True,1.997119661
20200824,084046,10.000,01.000,00.000,80.000,True,2.127369021
20200824,084111,10.000,01.000,00.000,85.000,True,2.317979126
20200824,084140,10.000,01.000,00.000,85.000,True,2.124711875
20200824,084252,10.000,01.000,00.000,85.000,True,1.871265598
20200824,084318,10.000,01.000,00.000,85.000,True,1.437858283
20200824,084339,10.000,01.000,00.000,85.000,True,1.959504818
20200824,084403,10.000,01.000,00.000,90.000,True,1.945882124
20200824,084429,10.000,01.000,00.000,90.000,True,1.465891332
20200824,084452,10.000,01.000,00.000,90.000,True,2.266485816
20200824,084521,10.000,01.000,00.000,90.000,True,2.161930209
20200824,084548,10.000,01.000,00.000,90.000,True,1.669369554
20200824,084608,10.000,01.000,05.000,30.000,False,0.79355623
20200824,084628,10.000,01.000,05.000,30.000,False,0.808409642
20200824,084655,10.000,01.000,05.000,30.000,False,0.827255029
20200824,084736,10.000,01.000,05.000,30.000,False,0.064185947
20200824,084752,10.000,01.000,05.000,30.000,False,0.097507693
20200824,084809,10.000,01.000,05.000,35.000,False,0.015556963
20200824,084824,10.000,01.000,05.000,35.000,False,0.917651037
20200824,084839,10.000,01.000,05.000,35.000,False,0.185464369
20200824,084946,10.000,01.000,05.000,35.000,False,0.503800593
20200824,085002,10.000,01.000,05.000,35.000,False,0.417502935
20200824,085033,10.000,01.000,05.000,40.000,False,1.281236507
20200824,085056,10.000,01.000,05.000,40.000,False,0.419782684
20200824,085116,10.000,01.000,05.000,40.000,False,0.073524241
20200824,085132,10.000,01.000,05.000,40.000,False,0.046194846
20200824,085147,10.000,01.000,05.000,40.000,False,0.101347284
20200824,085203,10.000,01.000,05.000,45.000,False,1.157027224
20200824,085235,10.000,01.000,05.000,45.000,False,0.547016734
20200824,085342,10.000,01.000,05.000,45.000,False,0.552318052
20200824,085417,10.000,01.000,05.000,45.000,False,0.146509861
20200824,085433,10.000,01.000,05.000,45.000,False,1.017376846
20200824,085508,10.000,01.000,05.000,50.000,False,0.542640865
20200824,085523,10.000,01.000,05.000,50.000,False,0.01671575
20200824,085540,10.000,01.000,05.000,50.000,False,0.085969476
20200824,085607,10.000,01.000,05.000,50.000,False,1.195656753
20200824,085703,10.000,01.000,05.000,50.000,False,0.399042894
20200824,085801,10.000,01.000,05.000,55.000,False,0.876822272
20200824,085816,10.000,01.000,05.000,55.000,False,1.819183836
20200824,085846,10.000,01.000,05.000,55.000,False,1.163032087
20200824,085901,10.000,01.000,05.000,55.000,False,1.216289936
20200824,085928,10.000,01.000,05.000,55.000,False,0.756582796
20200824,085945,10.000,01.000,05.000,60.000,False,2.206179977
20200824,090013,10.000,01.000,05.000,60.000,False,2.123830149
20200824,090114,10.000,01.000,05.000,60.000,False,2.214190421
20200824,090159,10.000,01.000,05.000,60.000,False,0.629381628
20200824,090215,10.000,01.000,05.000,60.000,False,1.085692109
20200824,090241,10.000,01.000,05.000,65.000,True,2.447597773
20200824,090308,10.000,01.000,05.000,65.000,True,2.380470564
20200824,090339,10.000,01.000,05.000,65.000,True,1.396920338
20200824,090407,10.000,01.000,05.000,65.000,True,1.980267362
20200824,090431,10.000,01.000,05.000,65.000,True,1.66413775
20200824,090512,10.000,01.000,05.000,70.000,True,2.292032032
20200824,090603,10.000,01.000,05.000,70.000,True,2.495320376
20200824,090634,10.000,01.000,05.000,70.000,True,2.641406713
20200824,090701,10.000,01.000,05.000,70.000,True,2.360053042
20200824,090728,10.000,01.000,05.000,70.000,True,2.354390746
20200824,090758,10.000,01.000,05.000,75.000,True,2.283323832
20200824,090824,10.000,01.000,05.000,75.000,True,2.528739684
20200824,090850,10.000,01.000,05.000,75.000,True,2.496706187
20200824,090921,10.000,01.000,05.000,75.000,True,2.32491081
20200824,090947,10.000,01.000,05.000,75.000,True,2.442086509
20200824,091038,10.000,01.000,05.000,80.000,True,2.263397831
20200824,091105,10.000,01.000,05.000,80.000,True,2.445897883
20200824,091134,10.000,01.000,05.000,80.000,True,1.755566349
20200824,091157,10.000,01.000,05.000,80.000,True,2.230161882
20200824,091224,10.000,01.000,05.000,80.000,True,2.309002465
20200824,091321,10.000,01.000,05.000,85.000,True,2.487784599
20200824,091348,10.000,01.000,05.000,85.000,True,1.841760123
20200824,091427,10.000,01.000,05.000,85.000,True,2.543421963
20200824,091453,10.000,01.000,05.000,85.000,True,2.480379974
20200824,091523,10.000,01.000,05.000,85.000,True,2.380553592
20200824,091549,10.000,01.000,05.000,90.000,True,1.790716637
20200824,091611,10.000,01.000,05.000,90.000,True,2.153724288
20200824,091638,10.000,01.000,05.000,90.000,True,2.672354997
20200824,091706,10.000,01.000,05.000,90.000,True,1.818030306
20200824,091732,10.000,01.000,05.000,90.000,True,2.779841056
20200824,091802,10.000,01.000,10.000,30.000,False,0.122697969
20200824,091817,10.000,01.000,10.000,30.000,False,0.027112904
20200824,091833,10.000,01.000,10.000,30.000,False,0.239195612
20200824,091848,10.000,01.000,10.000,30.000,False,1.25161209
20200824,092024,10.000,01.000,10.000,30.000,False,0.520522396
20200824,092144,10.000,01.000,10.000,35.000,False,0.513278718
20200824,092204,10.000,01.000,10.000,35.000,False,0.7506592
20200824,092220,10.000,01.000,10.000,35.000,False,0.622096134
20200824,092306,10.000,01.000,10.000,35.000,False,0.030248884
20200824,092322,10.000,01.000,10.000,35.000,False,0.242264965
20200824,092355,10.000,01.000,10.000,40.000,False,0.351902923
20200824,092410,10.000,01.000,10.000,40.000,False,0.026070749
20200824,092425,10.000,01.000,10.000,40.000,False,0.738694138
20200824,092441,10.000,01.000,10.000,40.000,False,1.006448981
20200824,092456,10.000,01.000,10.000,40.000,False,0.952815423
20200824,092525,10.000,01.000,10.000,45.000,False,0.156546916
20200824,092542,10.000,01.000,10.000,45.000,False,0.4291702
20200824,092611,10.000,01.000,10.000,45.000,False,0.190297053
20200824,092626,10.000,01.000,10.000,45.000,False,0.08594251
20200824,092647,10.000,01.000,10.000,45.000,False,0.097411649
20200824,092748,10.000,01.000,10.000,50.000,False,0.89357695
20200824,092803,10.000,01.000,10.000,50.000,False,0.798049137
20200824,092833,10.000,01.000,10.000,50.000,False,1.017685751
20200824,092849,10.000,01.000,10.000,50.000,False,1.021406197
20200824,092927,10.000,01.000,10.000,50.000,False,0.18662638
20200824,092944,10.000,01.000,10.000,55.000,False,0.041031202
20200824,093002,10.000,01.000,10.000,55.000,False,0.093868952
20200824,093018,10.000,01.000,10.000,55.000,False,0.050897087
20200824,093033,10.000,01.000,10.000,55.000,False,0.002589643
20200824,093048,10.000,01.000,10.000,55.000,False,0.027117208
20200824,093107,10.000,01.000,10.000,60.000,False,0.378849241
20200824,093123,10.000,01.000,10.000,60.000,False,2.329934177
20200824,093151,10.000,01.000,10.000,60.000,False,2.425030639
20200824,093220,10.000,01.000,10.000,60.000,False,2.043183379
20200824,093244,10.000,01.000,10.000,60.000,False,1.996282017
20200824,093312,10.000,01.000,10.000,65.000,True,2.189344874
20200824,093337,10.000,01.000,10.000,65.000,True,2.340959851
20200824,093409,10.000,01.000,10.000,65.000,True,2.193343391
20200824,093435,10.000,01.000,10.000,65.000,True,2.300020614
20200824,093503,10.000,01.000,10.000,65.000,True,2.061955727
20200824,093528,10.000,01.000,10.000,70.000,True,2.415269957
20200824,093613,10.000,01.000,10.000,70.000,True,2.375429506
20200824,093639,10.000,01.000,10.000,70.000,True,2.352407859
20200824,093706,10.000,01.000,10.000,70.000,True,1.951842352
20200824,093734,10.000,01.000,10.000,70.000,True,2.107897826
20200824,093807,10.000,01.000,10.000,75.000,True,2.196760726
20200824,093833,10.000,01.000,10.000,75.000,True,1.975067413
20200824,093900,10.000,01.000,10.000,75.000,True,2.439078154
20200824,093931,10.000,01.000,10.000,75.000,True,2.500002286
20200824,094003,10.000,01.000,10.000,75.000,True,2.523423126
20200824,094034,10.000,01.000,10.000,80.000,True,2.641019174
20200824,094102,10.000,01.000,10.000,80.000,True,2.274688483
20200824,094127,10.000,01.000,10.000,80.000,True,2.614185744
20200824,094154,10.000,01.000,10.000,80.000,True,2.154062198
20200824,094219,10.000,01.000,10.000,80.000,True,2.14600102
20200824,094245,10.000,01.000,10.000,85.000,True,2.185724521
20200824,094322,10.000,01.000,10.000,85.000,True,2.1639606
20200824,094351,10.000,01.000,10.000,85.000,True,2.143249316
20200824,094417,10.000,01.000,10.000,85.000,True,1.948386365
20200824,094441,10.000,01.000,10.000,85.000,True,2.302979841
20200824,094507,10.000,01.000,10.000,90.000,True,2.523282477
20200824,094537,10.000,01.000,10.000,90.000,True,2.602493677
20200824,094604,10.000,01.000,10.000,90.000,True,2.383757554
20200824,094631,10.000,01.000,10.000,90.000,True,1.865205321
20200824,094656,10.000,01.000,10.000,90.000,True,2.408727401
20200824,103059,10.000,01.000,15.000,30.000,False,0.083798958
20200824,103116,10.000,01.000,15.000,30.000,False,0.043593929
20200824,103131,10.000,01.000,15.000,30.000,False,0.033625676
20200824,103147,10.000,01.000,15.000,30.000,False,0.028737561
20200824,103202,10.000,01.000,15.000,30.000,False,0.029479522
20200824,103220,10.000,01.000,15.000,35.000,False,0.049997139
20200824,103236,10.000,01.000,15.000,35.000,False,0.256324042
20200824,103252,10.000,01.000,15.000,35.000,False,0.029309027
20200824,103311,10.000,01.000,15.000,35.000,False,0.029980756
20200824,103326,10.000,01.000,15.000,35.000,False,0.031203511
20200824,103343,10.000,01.000,15.000,40.000,False,0.028401311
20200824,103359,10.000,01.000,15.000,40.000,False,0.166102411
20200824,103414,10.000,01.000,15.000,40.000,False,0.676178428
20200824,103436,10.000,01.000,15.000,40.000,False,0.773578995
20200824,103527,10.000,01.000,15.000,40.000,False,0.38525736
20200824,103543,10.000,01.000,15.000,45.000,False,0.012505506
20200824,103559,10.000,01.000,15.000,45.000,False,0.66559062
20200824,103616,10.000,01.000,15.000,45.000,False,0.802850018
20200824,103633,10.000,01.000,15.000,45.000,False,1.048361477
20200824,103703,10.000,01.000,15.000,45.000,False,0.531384532
20200824,103719,10.000,01.000,15.000,50.000,False,1.011327766
20200824,103740,10.000,01.000,15.000,50.000,False,0.957969409
20200824,103807,10.000,01.000,15.000,50.000,False,0.128368003
20200824,103822,10.000,01.000,15.000,50.000,False,0.361667256
20200824,103840,10.000,01.000,15.000,50.000,False,0.402027794
20200824,103856,10.000,01.000,15.000,55.000,False,1.599567422
20200824,103934,10.000,01.000,15.000,55.000,False,0.217224549
20200824,103950,10.000,01.000,15.000,55.000,False,1.299670397
20200824,104005,10.000,01.000,15.000,55.000,False,1.763075785
20200824,104051,10.000,01.000,15.000,55.000,False,0.480988103
20200824,104113,10.000,01.000,15.000,60.000,False,1.804871814
20200824,104229,10.000,01.000,15.000,60.000,False,1.745115414
20200824,104244,10.000,01.000,15.000,60.000,False,0.819816152
20200824,104339,10.000,01.000,15.000,60.000,False,1.560902056
20200824,104423,10.000,01.000,15.000,60.000,False,1.867773674
20200824,104448,10.000,01.000,15.000,65.000,True,1.77999805
20200824,104510,10.000,01.000,15.000,65.000,True,1.958384019
20200824,104537,10.000,01.000,15.000,65.000,True,1.780192084
20200824,104606,10.000,01.000,15.000,65.000,True,2.053913255
20200824,104632,10.000,01.000,15.000,65.000,True,2.081867373
20200824,104714,10.000,01.000,15.000,70.000,True,1.863057976
20200824,104737,10.000,01.000,15.000,70.000,True,1.354210145
20200824,104824,10.000,01.000,15.000,70.000,True,1.990316783
20200824,104850,10.000,01.000,15.000,70.000,True,1.989853502
20200824,104923,10.000,01.000,15.000,70.000,True,2.238215101
20200824,104952,10.000,01.000,15.000,75.000,True,2.023259414
20200824,105018,10.000,01.000,15.000,75.000,True,1.983043768
20200824,105043,10.000,01.000,15.000,75.000,True,1.881711164
20200824,105145,10.000,01.000,15.000,75.000,True,1.849995717
20200824,105207,10.000,01.000,15.000,75.000,True,2.161946753
20200824,105235,10.000,01.000,15.000,80.000,True,1.916788147
20200824,105300,10.000,01.000,15.000,80.000,True,1.623706438
20200824,105321,10.000,01.000,15.000,80.000,True,2.001302916
20200824,105342,10.000,01.000,15.000,80.000,True,2.106225218
20200824,105412,10.000,01.000,15.000,80.000,True,2.028908193
20200824,105437,10.000,01.000,15.000,85.000,True,1.958246591
20200824,105459,10.000,01.000,15.000,85.000,True,1.937053084
20200824,105548,10.000,01.000,15.000,85.000,True,1.923563364
20200824,105614,10.000,01.000,15.000,85.000,True,2.021055353
20200824,105640,10.000,01.000,15.000,85.000,True,1.938922491
20200824,105706,10.000,01.000,15.000,90.000,True,1.889170337
20200824,105743,10.000,01.000,15.000,90.000,True,1.904631193
20200824,105805,10.000,01.000,15.000,90.000,True,2.06552665
20200824,105833,10.000,01.000,15.000,90.000,True,1.821996578
20200824,105859,10.000,01.000,15.000,90.000,True,2.087019503
20200824,105922,10.000,01.000,20.000,30.000,False,0.108235477
20200824,105938,10.000,01.000,20.000,30.000,False,0.079581374
20200824,110000,10.000,01.000,20.000,30.000,False,0.023845043
20200824,110017,10.000,01.000,20.000,30.000,False,0.04148111
20200824,110040,10.000,01.000,20.000,30.000,False,0.281536541
20200824,110057,10.000,01.000,20.000,35.000,False,0.26990818
20200824,110115,10.000,01.000,20.000,35.000,False,0.35262327
20200824,110132,10.000,01.000,20.000,35.000,False,0.312203077
20200824,110147,10.000,01.000,20.000,35.000,False,0.549646244
20200824,110212,10.000,01.000,20.000,35.000,False,0.128953339
20200824,110228,10.000,01.000,20.000,40.000,False,0.087198868
20200824,110244,10.000,01.000,20.000,40.000,False,0.303434237
20200824,110259,10.000,01.000,20.000,40.000,False,0.267665497
20200824,110319,10.000,01.000,20.000,40.000,False,0.344978255
20200824,110334,10.000,01.000,20.000,40.000,False,0.367508028
20200824,110603,10.000,01.000,20.000,45.000,False,0.726643899
20200824,110635,10.000,01.000,20.000,45.000,False,0.161058345
20200824,110650,10.000,01.000,20.000,45.000,False,0.225740566
20200824,110707,10.000,01.000,20.000,45.000,False,0.424333487
20200824,110722,10.000,01.000,20.000,45.000,False,0.326813828
20200824,110739,10.000,01.000,20.000,50.000,False,0.449312665
20200824,110801,10.000,01.000,20.000,50.000,False,0.293578728
20200824,110817,10.000,01.000,20.000,50.000,False,0.010567006
20200824,110837,10.000,01.000,20.000,50.000,False,0.014180394
20200824,110855,10.000,01.000,20.000,50.000,False,0.633400911
20200824,111019,10.000,01.000,20.000,55.000,False,0.729395227
20200824,111034,10.000,01.000,20.000,55.000,False,1.190518482
20200824,111059,10.000,01.000,20.000,55.000,False,0.346889548
20200824,111115,10.000,01.000,20.000,55.000,False,0.025131055
20200824,111132,10.000,01.000,20.000,55.000,False,1.325030497
20200824,111158,10.000,01.000,20.000,60.000,False,1.611053179
20200824,111220,10.000,01.000,20.000,60.000,True,1.60421073
20200824,111249,10.000,01.000,20.000,60.000,False,1.450072551
20200824,111310,10.000,01.000,20.000,60.000,False,1.519139353
20200824,111333,10.000,01.000,20.000,60.000,False,1.705002365
20200824,111404,10.000,01.000,20.000,65.000,True,1.722842026
20200824,111426,10.000,01.000,20.000,65.000,True,1.712303764
20200824,111447,10.000,01.000,20.000,65.000,True,1.834402355
20200824,111512,10.000,01.000,20.000,65.000,True,1.766092982
20200824,111549,10.000,01.000,20.000,65.000,True,1.725906383
20200824,111614,10.000,01.000,20.000,70.000,True,1.793039721
20200824,111643,10.000,01.000,20.000,70.000,True,1.735363075
20200824,111708,10.000,01.000,20.000,70.000,True,1.485011452
20200824,111729,10.000,01.000,20.000,70.000,True,1.583243159
20200824,111752,10.000,01.000,20.000,70.000,True,1.680434063
20200824,111932,10.000,01.000,20.000,75.000,True,1.804638249
20200824,112001,10.000,01.000,20.000,75.000,True,2.029817685
20200824,112026,10.000,01.000,20.000,75.000,True,1.774702673
20200824,112054,10.000,01.000,20.000,75.000,True,1.796973751
20200824,112121,10.000,01.000,20.000,75.000,True,1.713145117
20200824,112145,10.000,01.000,20.000,80.000,True,1.72763985
20200824,112232,10.000,01.000,20.000,80.000,True,1.78379293
20200824,112259,10.000,01.000,20.000,80.000,True,1.749860699
20200824,112322,10.000,01.000,20.000,80.000,True,1.731476959
20200824,112409,10.000,01.000,20.000,80.000,True,1.745247211
20200824,112612,10.000,01.000,20.000,85.000,True,1.530792524
20200824,112633,10.000,01.000,20.000,85.000,True,1.741688286
20200824,112655,10.000,01.000,20.000,85.000,True,1.884739259
20200824,112721,10.000,01.000,20.000,85.000,True,1.766676802
20200824,112742,10.000,01.000,20.000,85.000,True,1.759190942
20200824,112813,10.000,01.000,20.000,90.000,True,1.808923151
20200824,112910,10.000,01.000,20.000,90.000,True,1.904878112
20200824,112940,10.000,01.000,20.000,90.000,True,1.844127304
20200824,113009,10.000,01.000,20.000,90.000,True,1.805384483
20200824,113033,10.000,01.000,20.000,90.000,True,1.823112672
20200824,113055,10.000,01.000,25.000,30.000,False,0.04839794
20200824,113111,10.000,01.000,25.000,30.000,False,0.125165734
20200824,113126,10.000,01.000,25.000,30.000,False,0.051011139
20200824,113141,10.000,01.000,25.000,30.000,False,0.073486635
20200824,113156,10.000,01.000,25.000,30.000,False,0.077940426
20200824,113216,10.000,01.000,25.000,35.000,False,0.106690835
20200824,113232,10.000,01.000,25.000,35.000,False,0.07077298
20200824,113247,10.000,01.000,25.000,35.000,False,0.077827813
20200824,113303,10.000,01.000,25.000,35.000,False,0.106630487
20200824,113334,10.000,01.000,25.000,35.000,False,0.199251056
20200824,113351,10.000,01.000,25.000,40.000,False,0.113321268
20200824,113407,10.000,01.000,25.000,40.000,False,0.123739768
20200824,113423,10.000,01.000,25.000,40.000,False,0.129661258
20200824,113438,10.000,01.000,25.000,40.000,False,0.146575775
20200824,113454,10.000,01.000,25.000,40.000,False,0.157864533
20200824,113520,10.000,01.000,25.000,45.000,False,0.017891076
20200824,113537,10.000,01.000,25.000,45.000,False,0.031489844
20200824,113552,10.000,01.000,25.000,45.000,False,0.081373313
20200824,113609,10.000,01.000,25.000,45.000,False,0.118977458
20200824,113625,10.000,01.000,25.000,45.000,False,0.001259547
20200824,113642,10.000,01.000,25.000,50.000,False,0.003335866
20200824,113657,10.000,01.000,25.000,50.000,False,0.001681305
20200824,113712,10.000,01.000,25.000,50.000,False,0.004657854
20200824,113728,10.000,01.000,25.000,50.000,False,0.010340514
20200824,113744,10.000,01.000,25.000,50.000,False,0.007884039
20200824,113801,10.000,01.000,25.000,55.000,False,0.008668161
20200824,113816,10.000,01.000,25.000,55.000,False,0.000696489
20200824,113831,10.000,01.000,25.000,55.000,False,0.002480248
20200824,113847,10.000,01.000,25.000,55.000,False,0.005364995
20200824,113905,10.000,01.000,25.000,55.000,False,0.003034616
20200824,113922,10.000,01.000,25.000,60.000,False,1.538179902
20200824,114201,10.000,01.000,25.000,60.000,False,1.529399217
20200824,114222,10.000,01.000,25.000,60.000,False,1.540767897
20200824,114245,10.000,01.000,25.000,60.000,True,1.532696023
20200824,114309,10.000,01.000,25.000,60.000,False,1.412449672
20200824,114330,10.000,01.000,25.000,65.000,True,1.590941722
20200824,114355,10.000,01.000,25.000,65.000,True,1.651838715
20200824,114419,10.000,01.000,25.000,65.000,True,1.599330794
20200824,114443,10.000,01.000,25.000,65.000,True,1.668900155
20200824,114508,10.000,01.000,25.000,65.000,True,1.560672678
20200824,114558,10.000,01.000,25.000,70.000,True,1.561046824
20200824,114620,10.000,01.000,25.000,70.000,True,1.638124071
20200824,114642,10.000,01.000,25.000,70.000,True,1.616694723
20200824,114707,10.000,01.000,25.000,70.000,True,1.654900182
20200824,114741,10.000,01.000,25.000,70.000,True,1.636331983
20200824,114807,10.000,01.000,25.000,75.000,True,1.682175032
20200824,114833,10.000,01.000,25.000,75.000,True,1.656627829
20200824,114855,10.000,01.000,25.000,75.000,True,1.736888107
20200824,114920,10.000,01.000,25.000,75.000,True,1.685193967
20200824,114942,10.000,01.000,25.000,75.000,True,1.761207281
20200824,115017,10.000,01.000,25.000,80.000,True,1.738897656
20200824,115038,10.000,01.000,25.000,80.000,True,1.703767939
20200824,115103,10.000,01.000,25.000,80.000,True,1.723763042
20200824,115129,10.000,01.000,25.000,80.000,True,1.888183991
20200824,115153,10.000,01.000,25.000,80.000,True,1.68742447
20200824,115217,10.000,01.000,25.000,85.000,True,1.735860776
20200824,115240,10.000,01.000,25.000,85.000,True,1.690587369
20200824,115310,10.000,01.000,25.000,85.000,True,1.704722647
20200824,115333,10.000,01.000,25.000,85.000,True,1.747456348
20200824,115358,10.000,01.000,25.000,85.000,True,1.646827623
20200824,115423,10.000,01.000,25.000,90.000,True,1.615756102
20200824,115444,10.000,01.000,25.000,90.000,True,1.658448499
20200824,115510,10.000,01.000,25.000,90.000,True,1.668960116
20200824,115534,10.000,01.000,25.000,90.000,True,1.626255812
20200824,115556,10.000,01.000,25.000,90.000,True,1.646163613
20200824,115619,10.000,01.000,30.000,35.000,False,0.072534562
20200824,115635,10.000,01.000,30.000,35.000,False,0.014376012
20200824,115650,10.000,01.000,30.000,35.000,False,0.009825741
20200824,115706,10.000,01.000,30.000,35.000,False,0.004098594
20200824,115721,10.000,01.000,30.000,35.000,False,0.046437588
20200824,115738,10.000,01.000,30.000,40.000,False,0.114348827
20200824,115753,10.000,01.000,30.000,40.000,False,0.109394868
20200824,115809,10.000,01.000,30.000,40.000,False,0.140017981
20200824,115826,10.000,01.000,30.000,40.000,False,0.064989358
20200824,115842,10.000,01.000,30.000,40.000,False,0.030189176
20200824,115916,10.000,01.000,30.000,45.000,False,0.006946847
20200824,115932,10.000,01.000,30.000,45.000,False,0.012217821
20200824,115948,10.000,01.000,30.000,45.000,False,0.016474104
20200824,120004,10.000,01.000,30.000,45.000,False,0.017737068
20200824,120036,10.000,01.000,30.000,45.000,False,0.047622053
20200824,120053,10.000,01.000,30.000,50.000,False,0.379689372
20200824,120109,10.000,01.000,30.000,50.000,False,0.375765703
20200824,120124,10.000,01.000,30.000,50.000,False,0.40712472
20200824,120140,10.000,01.000,30.000,50.000,False,0.399176538
20200824,120155,10.000,01.000,30.000,50.000,False,0.494608503
20200824,120225,10.000,01.000,30.000,55.000,False,0.258136038
20200824,120240,10.000,01.000,30.000,55.000,False,0.015804439
20200824,120256,10.000,01.000,30.000,55.000,False,0.243619248
20200824,120312,10.000,01.000,30.000,55.000,False,0.171732298
20200824,120327,10.000,01.000,30.000,55.000,False,0.046453887
20200824,120344,10.000,01.000,30.000,60.000,False,1.437049438
20200824,120407,10.000,01.000,30.000,60.000,False,1.239891472
20200824,120431,10.000,01.000,30.000,60.000,False,1.340013103
20200824,120459,10.000,01.000,30.000,60.000,False,1.495309789
20200824,120522,10.000,01.000,30.000,60.000,False,1.549277956
20200824,120545,10.000,01.000,30.000,65.000,True,1.636065997
20200824,120607,10.000,01.000,30.000,65.000,True,1.645408094
20200824,120633,10.000,01.000,30.000,65.000,True,1.588346233
20200824,120656,10.000,01.000,30.000,65.000,True,1.52175572
20200824,120718,10.000,01.000,30.000,65.000,True,1.543689144
20200824,120739,10.000,01.000,30.000,70.000,True,1.655481343
20200824,120804,10.000,01.000,30.000,70.000,True,1.586324376
20200824,120826,10.000,01.000,30.000,70.000,True,1.594429116
20200824,120855,10.000,01.000,30.000,70.000,True,1.583234481
20200824,120918,10.000,01.000,30.000,70.000,True,1.539448043
20200824,120941,10.000,01.000,30.000,75.000,True,1.632024373
20200824,121003,10.000,01.000,30.000,75.000,True,1.68787847
20200824,121027,10.000,01.000,30.000,75.000,True,1.710543163
20200824,121050,10.000,01.000,30.000,75.000,True,1.696116093
20200824,121114,10.000,01.000,30.000,75.000,True,1.65813648
20200824,121149,10.000,01.000,30.000,80.000,True,1.716985162
20200824,121216,10.000,01.000,30.000,80.000,True,1.659354786
20200824,121242,10.000,01.000,30.000,80.000,True,1.657707613
20200824,121303,10.000,01.000,30.000,80.000,True,1.724141038
20200824,121327,10.000,01.000,30.000,80.000,True,1.667823707
20200824,121411,10.000,01.000,30.000,85.000,True,1.673315726
20200824,121433,10.000,01.000,30.000,85.000,True,1.683997932
20200824,121456,10.000,01.000,30.000,85.000,True,1.718184533
20200824,121522,10.000,01.000,30.000,85.000,True,1.62494153
20200824,121544,10.000,01.000,30.000,85.000,True,1.614565016
20200824,121610,10.000,01.000,30.000,90.000,True,1.658814929
20200824,121634,10.000,01.000,30.000,90.000,True,1.583111423
20200824,121655,10.000,01.000,30.000,90.000,True,1.653539385
20200824,121721,10.000,01.000,30.000,90.000,True,1.665638758
20200824,121743,10.000,01.000,30.000,90.000,True,1.600975202
20200824,131427,10.000,01.000,35.000,40.000,False,0.10160453
20200824,131442,10.000,01.000,35.000,40.000,False,0.058732204
20200824,131509,10.000,01.000,35.000,40.000,False,0.106008927
20200824,131550,10.000,01.000,35.000,40.000,False,0.056891927
20200824,131608,10.000,01.000,35.000,40.000,False,0.052970221
20200824,131624,10.000,01.000,35.000,45.000,False,0.08915899
20200824,131640,10.000,01.000,35.000,45.000,False,0.157673271
20200824,131655,10.000,01.000,35.000,45.000,False,0.087859156
20200824,131712,10.000,01.000,35.000,45.000,False,0.005078622
20200824,131734,10.000,01.000,35.000,45.000,False,0.002363186
20200824,131751,10.000,01.000,35.000,50.000,False,0.003106493
20200824,131811,10.000,01.000,35.000,50.000,False,0.002707439
20200824,131826,10.000,01.000,35.000,50.000,False,0.002057378
20200824,131842,10.000,01.000,35.000,50.000,False,0.002963083
20200824,131858,10.000,01.000,35.000,50.000,False,0.000794963
20200824,131916,10.000,01.000,35.000,55.000,False,0.088211087
20200824,131932,10.000,01.000,35.000,55.000,False,1.19706058
20200824,131947,10.000,01.000,35.000,55.000,False,0.89622165
20200824,132013,10.000,01.000,35.000,55.000,False,0.004238497
20200824,132029,10.000,01.000,35.000,55.000,False,0.044793235
20200824,132045,10.000,01.000,35.000,60.000,False,1.403768538
20200824,132101,10.000,01.000,35.000,60.000,False,1.636738548
20200824,132130,10.000,01.000,35.000,60.000,False,1.448986838
20200824,132146,10.000,01.000,35.000,60.000,False,1.445394595
20200824,132215,10.000,01.000,35.000,60.000,False,1.408973582
20200824,132237,10.000,01.000,35.000,65.000,False,1.486988757
20200824,132253,10.000,01.000,35.000,65.000,True,1.534340732
20200824,132318,10.000,01.000,35.000,65.000,False,1.607316946
20200824,132339,10.000,01.000,35.000,65.000,True,1.562464766
20200824,132401,10.000,01.000,35.000,65.000,False,1.572985903
20200824,132423,10.000,01.000,35.000,70.000,True,1.657684014
20200824,132445,10.000,01.000,35.000,70.000,True,1.583733642
20200824,132510,10.000,01.000,35.000,70.000,True,1.60880443
20200824,132526,10.000,01.000,35.000,70.000,True,1.674030175
20200824,132557,10.000,01.000,35.000,70.000,True,1.566545039
20200824,132625,10.000,01.000,35.000,75.000,True,1.69947997
20200824,132641,10.000,01.000,35.000,75.000,True,1.65876914
20200824,132708,10.000,01.000,35.000,75.000,True,1.632853084
20200824,132723,10.000,01.000,35.000,75.000,True,1.643344428
20200824,132751,10.000,01.000,35.000,75.000,True,1.689563543
20200824,132822,10.000,01.000,35.000,80.000,True,1.662333221
20200824,132845,10.000,01.000,35.000,80.000,True,1.602152823
20200824,132901,10.000,01.000,35.000,80.000,True,1.293771118
20200824,132929,10.000,01.000,35.000,80.000,True,1.683768714
20200824,132945,10.000,01.000,35.000,80.000,True,1.278780991
20200824,133014,10.000,01.000,35.000,85.000,True,1.657111097
20200824,133029,10.000,01.000,35.000,85.000,True,1.583074489
20200824,133059,10.000,01.000,35.000,85.000,True,1.674913422
20200824,133115,10.000,01.000,35.000,85.000,True,1.468118466
20200824,133142,10.000,01.000,35.000,85.000,True,1.62610184
20200824,133200,10.000,01.000,35.000,90.000,True,1.303050692
20200824,133713,10.000,01.000,35.000,90.000,True,1.680835337
20200824,133736,10.000,01.000,35.000,90.000,True,1.645907379
20200824,133800,10.000,01.000,35.000,90.000,True,1.633557172
20200824,133834,10.000,01.000,35.000,90.000,True,1.576384535
20200824,133228,10.000,01.000,40.000,45.000,False,0.126383067
20200824,133243,10.000,01.000,40.000,45.000,False,0.072920088
20200824,133300,10.000,01.000,40.000,45.000,False,0.036608548
20200824,133315,10.000,01.000,40.000,45.000,False,0.101362601
20200824,133331,10.000,01.000,40.000,45.000,False,0.007176039
20200824,133350,10.000,01.000,40.000,50.000,False,0.006031177
20200824,133406,10.000,01.000,40.000,50.000,False,0.002615914
20200824,133423,10.000,01.000,40.000,50.000,False,0.002922528
20200824,133440,10.000,01.000,40.000,50.000,False,0.003153784
20200824,133459,10.000,01.000,40.000,50.000,False,0.002792217
20200824,133515,10.000,01.000,40.000,55.000,False,0.005498438
20200824,133531,10.000,01.000,40.000,55.000,False,0.008482356
20200824,133557,10.000,01.000,40.000,55.000,False,0.003411475
20200824,133623,10.000,01.000,40.000,55.000,False,0.002396489
20200824,133639,10.000,01.000,40.000,55.000,False,0.001513555
20200824,133917,10.000,01.000,40.000,60.000,False,1.314538691
20200824,133933,10.000,01.000,40.000,60.000,False,1.445287285
20200824,134022,10.000,01.000,40.000,60.000,False,1.232366718
20200824,134038,10.000,01.000,40.000,60.000,True,1.503359718
20200824,134103,10.000,01.000,40.000,60.000,False,1.498972891
20200824,134126,10.000,01.000,40.000,65.000,True,1.485427279
20200824,134143,10.000,01.000,40.000,65.000,True,1.680241687
20200824,134210,10.000,01.000,40.000,65.000,True,1.518919962
20200824,134226,10.000,01.000,40.000,65.000,True,1.598878273
20200824,134257,10.000,01.000,40.000,65.000,True,1.46482399
20200824,134321,10.000,01.000,40.000,70.000,True,1.613523818
20200824,134336,10.000,01.000,40.000,70.000,True,1.604009527
20200824,134403,10.000,01.000,40.000,70.000,True,1.627955664
20200824,134419,10.000,01.000,40.000,70.000,True,1.568364037
20200824,134447,10.000,01.000,40.000,70.000,True,1.550998389
20200824,134504,10.000,01.000,40.000,75.000,True,1.563628313
20200824,134531,10.000,01.000,40.000,75.000,True,1.595964237
20200824,134546,10.000,01.000,40.000,75.000,True,1.626018009
20200824,134619,10.000,01.000,40.000,75.000,True,1.617160594
20200824,134636,10.000,01.000,40.000,75.000,True,1.599239961
20200824,134707,10.000,01.000,40.000,80.000,True,1.627921094
20200824,134723,10.000,01.000,40.000,80.000,True,1.607809567
20200824,134753,10.000,01.000,40.000,80.000,True,1.654056204
20200824,134809,10.000,01.000,40.000,80.000,True,1.645317678
20200824,134838,10.000,01.000,40.000,80.000,True,1.608250983
20200824,134854,10.000,01.000,40.000,85.000,True,1.59103465
20200824,134925,10.000,01.000,40.000,85.000,True,1.69152323
20200824,134940,10.000,01.000,40.000,85.000,True,1.600315746
20200824,135010,10.000,01.000,40.000,85.000,True,1.676858388
20200824,135025,10.000,01.000,40.000,85.000,True,1.627368287
20200824,135055,10.000,01.000,40.000,90.000,True,1.718251153
20200824,135110,10.000,01.000,40.000,90.000,True,1.604238453
20200824,135144,10.000,01.000,40.000,90.000,True,1.653281049
20200824,135159,10.000,01.000,40.000,90.000,True,1.572995748
20200824,135252,10.000,01.000,40.000,90.000,True,1.730794513
20200824,135313,10.000,01.000,45.000,50.000,False,0.007241068
20200824,135328,10.000,01.000,45.000,50.000,False,0.238967407
20200824,135344,10.000,01.000,45.000,50.000,False,0.400185577
20200824,135359,10.000,01.000,45.000,50.000,False,0.206685487
20200824,135415,10.000,01.000,45.000,50.000,False,0.083485864
20200824,135442,10.000,01.000,45.000,55.000,False,0.073184164
20200824,135458,10.000,01.000,45.000,55.000,False,0.006512014
20200824,135516,10.000,01.000,45.000,55.000,False,0.201420106
20200824,135532,10.000,01.000,45.000,55.000,False,0.248788838
20200824,135549,10.000,01.000,45.000,55.000,False,0.35725968
20200824,135606,10.000,01.000,45.000,60.000,False,1.369459535
20200824,135621,10.000,01.000,45.000,60.000,False,1.239875717
20200824,135652,10.000,01.000,45.000,60.000,False,1.062021624
20200824,135707,10.000,01.000,45.000,60.000,False,1.448561522
20200824,135734,10.000,01.000,45.000,60.000,False,1.277891715
20200824,135751,10.000,01.000,45.000,65.000,True,1.616393005
20200824,135820,10.000,01.000,45.000,65.000,True,1.461331974
20200824,135840,10.000,01.000,45.000,65.000,True,1.479146033
20200824,135927,10.000,01.000,45.000,65.000,False,1.476982494
20200824,135942,10.000,01.000,45.000,65.000,True,1.502390966
20200824,140012,10.000,01.000,45.000,70.000,True,1.565927196
20200824,140027,10.000,01.000,45.000,70.000,True,1.561283399
20200824,140056,10.000,01.000,45.000,70.000,True,1.545756359
20200824,140111,10.000,01.000,45.000,70.000,True,1.541545408
20200824,140143,10.000,01.000,45.000,70.000,True,1.535792034
20200824,140200,10.000,01.000,45.000,75.000,True,1.559955636
20200824,140228,10.000,01.000,45.000,75.000,True,1.488511457
20200824,140243,10.000,01.000,45.000,75.000,True,1.578894807
20200824,140313,10.000,01.000,45.000,75.000,True,1.569762838
20200824,140328,10.000,01.000,45.000,75.000,True,1.555764115
20200824,140358,10.000,01.000,45.000,80.000,True,1.586578497
20200824,140413,10.000,01.000,45.000,80.000,True,1.539645426
20200824,140442,10.000,01.000,45.000,80.000,True,1.589520354
20200824,140458,10.000,01.000,45.000,80.000,True,1.571616402
20200824,140526,10.000,01.000,45.000,80.000,True,1.637390389
20200824,140542,10.000,01.000,45.000,85.000,True,1.54119283
20200824,140618,10.000,01.000,45.000,85.000,True,1.574627291
20200824,140634,10.000,01.000,45.000,85.000,True,1.519110611
20200824,140703,10.000,01.000,45.000,85.000,True,1.658046002
20200824,140719,10.000,01.000,45.000,85.000,True,1.49759105
20200824,140749,10.000,01.000,45.000,90.000,True,1.705791522
20200824,140804,10.000,01.000,45.000,90.000,False,1.548368651
20200824,140831,10.000,01.000,45.000,90.000,True,1.634300705
20200824,140846,10.000,01.000,45.000,90.000,True,1.406599579
20200824,140917,10.000,01.000,45.000,90.000,True,1.685832691
20200824,140950,10.000,01.000,50.000,55.000,False,0.347263188
20200824,141006,10.000,01.000,50.000,55.000,False,0.604067451
20200824,141021,10.000,01.000,50.000,55.000,False,0.012602572
20200824,141047,10.000,01.000,50.000,55.000,False,0.018849064
20200824,141102,10.000,01.000,50.000,55.000,False,0.015547948
20200824,141119,10.000,01.000,50.000,60.000,False,1.092930425
20200824,141134,10.000,01.000,50.000,60.000,False,0.60398682
20200824,141151,10.000,01.000,50.000,60.000,False,0.036632514
20200824,141208,10.000,01.000,50.000,60.000,False,1.241861856
20200824,141237,10.000,01.000,50.000,60.000,False,1.27179243
20200824,141253,10.000,01.000,50.000,65.000,False,1.399025871
20200824,141318,10.000,01.000,50.000,65.000,False,1.506321069
20200824,141333,10.000,01.000,50.000,65.000,False,1.318847735
20200824,141404,10.000,01.000,50.000,65.000,False,1.454972926
20200824,141419,10.000,01.000,50.000,65.000,False,1.317267213
20200824,141451,10.000,01.000,50.000,70.000,False,1.453916728
20200824,141507,10.000,01.000,50.000,70.000,False,1.390257294
20200824,141536,10.000,01.000,50.000,70.000,False,1.468320247
20200824,141551,10.000,01.000,50.000,70.000,False,1.459297975
20200824,141621,10.000,01.000,50.000,70.000,False,1.44097174
20200824,141640,10.000,01.000,50.000,75.000,False,1.44815299
20200824,141710,10.000,01.000,50.000,75.000,False,1.554447497
20200824,141737,10.000,01.000,50.000,75.000,False,1.440941565
20200824,141827,10.000,01.000,50.000,75.000,False,1.540361641
20200824,141845,10.000,01.000,50.000,75.000,False,1.458689789
20200824,141855,10.000,01.000,50.000,80.000,False,1.5548719
20200824,141911,10.000,01.000,50.000,80.000,False,1.399432724
20200824,141942,10.000,01.000,50.000,80.000,False,1.631294043
20200824,141957,10.000,01.000,50.000,80.000,False,1.374070995
20200824,142039,10.000,01.000,50.000,80.000,False,1.57532635
20200824,142113,10.000,01.000,50.000,85.000,False,1.143041136
20200824,142156,10.000,01.000,50.000,85.000,False,1.318725606
20200824,142212,10.000,01.000,50.000,85.000,False,1.397957516
20200824,142243,10.000,01.000,50.000,85.000,False,1.558898138
20200824,142258,10.000,01.000,50.000,85.000,False,1.070658046
20200824,142329,10.000,01.000,50.000,90.000,False,1.528707122
20200824,142345,10.000,01.000,50.000,90.000,False,1.16426739
20200824,142411,10.000,01.000,50.000,90.000,False,1.633134503
20200824,142427,10.000,01.000,50.000,90.000,False,1.525892015
20200824,142505,10.000,01.000,50.000,90.000,False,1.396759398
20200824,142524,10.000,01.000,55.000,60.000,False,0.383920446
20200824,142542,10.000,01.000,55.000,60.000,False,0.081187676
20200824,142558,10.000,01.000,55.000,60.000,False,0.031055678
20200824,142616,10.000,01.000,55.000,60.000,False,0.019310786
20200824,142633,10.000,01.000,55.000,60.000,False,0.016374125
20200824,142651,10.000,01.000,55.000,65.000,False,0.011659104
20200824,142708,10.000,01.000,55.000,65.000,False,0.016492484
20200824,142723,10.000,01.000,55.000,65.000,False,0.016071858
20200824,142739,10.000,01.000,55.000,65.000,False,0.01902792
20200824,142758,10.000,01.000,55.000,65.000,False,0.018680122
20200824,142944,10.000,01.000,55.000,70.000,False,0.02158887
20200824,143005,10.000,01.000,55.000,70.000,False,0.009074684
20200824,143029,10.000,01.000,55.000,70.000,False,0.06382855
20200824,143045,10.000,01.000,55.000,70.000,False,0.043871585
20200824,143102,10.000,01.000,55.000,70.000,False,0.0085611
20200824,143122,10.000,01.000,55.000,75.000,False,0.01248665
20200824,143141,10.000,01.000,55.000,75.000,False,0.017961365
20200824,143207,10.000,01.000,55.000,75.000,False,0.013775745
20200824,143222,10.000,01.000,55.000,75.000,False,0.017002154
20200824,143237,10.000,01.000,55.000,75.000,False,0.007894529
20200824,143255,10.000,01.000,55.000,80.000,False,0.006994493
20200824,143318,10.000,01.000,55.000,80.000,False,0.012296392
20200824,143333,10.000,01.000,55.000,80.000,False,0.003792434
20200824,143356,10.000,01.000,55.000,80.000,False,0.004663502
20200824,143413,10.000,01.000,55.000,80.000,False,0.0205751
20200824,143430,10.000,01.000,55.000,85.000,False,0.024480608
20200824,143446,10.000,01.000,55.000,85.000,False,0.010918777
20200824,143519,10.000,01.000,55.000,85.000,False,0.023382823
20200824,143535,10.000,01.000,55.000,85.000,False,0.042926079
20200824,143553,10.000,01.000,55.000,85.000,False,0.023642684
20200824,143610,10.000,01.000,55.000,90.000,False,0.017956202
20200824,143630,10.000,01.000,55.000,90.000,False,0.084314494
20200824,143647,10.000,01.000,55.000,90.000,False,0.015469717
20200824,143706,10.000,01.000,55.000,90.000,False,0.183300848
20200824,143721,10.000,01.000,55.000,90.000,False,1.271537143
20200824,143747,10.000,01.000,60.000,65.000,False,0.129975105
20200824,143802,10.000,01.000,60.000,65.000,False,0.050217814
20200824,143818,10.000,01.000,60.000,65.000,False,0.012580444
20200824,143844,10.000,01.000,60.000,65.000,False,0.103794743
20200824,143904,10.000,01.000,60.000,65.000,False,0.045299669
20200824,143922,10.000,01.000,60.000,70.000,False,0.053596768
20200824,143937,10.000,01.000,60.000,70.000,False,0.033688627
20200824,143954,10.000,01.000,60.000,70.000,False,0.057159665
20200824,144010,10.000,01.000,60.000,70.000,False,0.019130841
20200824,144029,10.000,01.000,60.000,70.000,False,0.014434679
20200824,144045,10.000,01.000,60.000,75.000,False,0.100067337
20200824,144101,10.000,01.000,60.000,75.000,False,0.135421751
20200824,144118,10.000,01.000,60.000,75.000,False,0.161110813
20200824,144135,10.000,01.000,60.000,75.000,False,0.031913881
20200824,144150,10.000,01.000,60.000,75.000,False,0.00969796
20200824,144207,10.000,01.000,60.000,80.000,False,0.004408787
20200824,144223,10.000,01.000,60.000,80.000,False,0.000816541
20200824,144240,10.000,01.000,60.000,80.000,False,0.002783138
20200824,144256,10.000,01.000,60.000,80.000,False,0.095530815
20200824,144312,10.000,01.000,60.000,80.000,False,0.211029153
20200824,144329,10.000,01.000,60.000,85.000,False,0.027114614
20200824,144346,10.000,01.000,60.000,85.000,False,0.225534261
20200824,144403,10.000,01.000,60.000,85.000,False,0.188384648
20200824,144427,10.000,01.000,60.000,85.000,False,0.284347951
20200824,144445,10.000,01.000,60.000,85.000,False,0.205116383
20200824,144502,10.000,01.000,60.000,90.000,False,0.108219947
20200824,144519,10.000,01.000,60.000,90.000,False,0.090405698
20200824,144540,10.000,01.000,60.000,90.000,False,0.323806998
20200824,144556,10.000,01.000,60.000,90.000,False,0.283586551
20200824,144612,10.000,01.000,60.000,90.000,False,0.211868769
20200824,144633,10.000,01.000,65.000,70.000,False,0.012371151
20200824,144650,10.000,01.000,65.000,70.000,False,0.01372128
20200824,144707,10.000,01.000,65.000,70.000,False,0.007474865
20200824,144724,10.000,01.000,65.000,70.000,False,0.041070507
20200824,144739,10.000,01.000,65.000,70.000,False,0.025351702
20200824,144755,10.000,01.000,65.000,75.000,False,0.01902472
20200824,144827,10.000,01.000,65.000,75.000,False,0.009626767
20200824,144845,10.000,01.000,65.000,75.000,False,0.015253308
20200824,144902,10.000,01.000,65.000,75.000,False,0.036623462
20200824,144917,10.000,01.000,65.000,75.000,False,0.008016274
20200824,144934,10.000,01.000,65.000,80.000,False,0.006652723
20200824,144952,10.000,01.000,65.000,80.000,False,0.227059717
20200824,145008,10.000,01.000,65.000,80.000,False,0.093953312
20200824,145023,10.000,01.000,65.000,80.000,False,0.02225359
20200824,145042,10.000,01.000,65.000,80.000,False,0.022729205
20200824,145059,10.000,01.000,65.000,85.000,False,0.040133274
20200824,145123,10.000,01.000,65.000,85.000,False,0.024206636
20200824,145139,10.000,01.000,65.000,85.000,False,0.02421884
20200824,145156,10.000,01.000,65.000,85.000,False,0.027317234
20200824,145224,10.000,01.000,65.000,85.000,False,0.091448181
20200824,145240,10.000,01.000,65.000,90.000,False,0.032622139
20200824,145257,10.000,01.000,65.000,90.000,False,0.039853099
20200824,145312,10.000,01.000,65.000,90.000,False,0.044301549
20200824,150107,10.000,01.000,65.000,90.000,False,0.040432293
20200824,150130,10.000,01.000,65.000,90.000,False,0.034560093
20200824,145328,10.000,01.000,70.000,75.000,False,0.010626497
20200824,145344,10.000,01.000,70.000,75.000,False,0.014355714
20200824,145400,10.000,01.000,70.000,75.000,False,0.008854564
20200824,150151,10.000,01.000,70.000,75.000,False,0.013033119
20200824,150217,10.000,01.000,70.000,75.000,False,0.012095844
20200824,145417,10.000,01.000,70.000,80.000,False,0.00167688
20200824,145433,10.000,01.000,70.000,80.000,False,0.001329792
20200824,145448,10.000,01.000,70.000,80.000,False,0.009544152
20200824,150233,10.000,01.000,70.000,80.000,False,0.006362759
20200824,150250,10.000,01.000,70.000,80.000,False,0.001497969
20200824,145503,10.000,01.000,70.000,85.000,False,0.011832723
20200824,145735,10.000,01.000,70.000,85.000,False,0.039921848
20200824,145812,10.000,01.000,70.000,85.000,False,0.029720602
20200824,150321,10.000,01.000,70.000,85.000,False,0.025534512
20200824,150342,10.000,01.000,70.000,85.000,False,0.010082106
20200824,145858,10.000,01.000,70.000,90.000,False,0.023136138
20200824,145925,10.000,01.000,70.000,90.000,False,0.021743731
20200824,150003,10.000,01.000,70.000,90.000,False,0.029269264
20200824,150401,10.000,01.000,70.000,90.000,False,0.025126232
20200824,150419,10.000,01.000,70.000,90.000,False,0.023474356